# r          g(r)
2.625000e-02 0.000000e+00
4.375000e-02 0.000000e+00
6.125000e-02 0.000000e+00
7.875000e-02 0.000000e+00
9.625000e-02 0.000000e+00
1.137500e-01 0.000000e+00
1.312500e-01 0.000000e+00
1.487500e-01 0.000000e+00
1.662500e-01 0.000000e+00
1.837500e-01 0.000000e+00
2.012500e-01 0.000000e+00
2.187500e-01 0.000000e+00
2.362500e-01 0.000000e+00
2.537500e-01 0.000000e+00
2.712500e-01 0.000000e+00
2.887500e-01 0.000000e+00
3.062500e-01 0.000000e+00
3.237500e-01 0.000000e+00
3.412500e-01 0.000000e+00
3.587500e-01 0.000000e+00
3.762500e-01 0.000000e+00
3.937500e-01 0.000000e+00
4.112500e-01 0.000000e+00
4.287500e-01 0.000000e+00
4.462500e-01 0.000000e+00
4.637500e-01 0.000000e+00
4.812500e-01 0.000000e+00
4.987500e-01 0.000000e+00
5.162500e-01 0.000000e+00
5.337500e-01 0.000000e+00
5.512500e-01 0.000000e+00
5.687500e-01 0.000000e+00
5.862500e-01 0.000000e+00
6.037500e-01 0.000000e+00
6.212500e-01 0.000000e+00
6.387500e-01 0.000000e+00
6.562500e-01 0.000000e+00
6.737500e-01 0.000000e+00
6.912500e-01 0.000000e+00
7.087500e-01 0.000000e+00
7.262501e-01 0.000000e+00
7.437500e-01 0.000000e+00
7.612500e-01 0.000000e+00
7.787500e-01 0.000000e+00
7.962500e-01 0.000000e+00
8.137500e-01 0.000000e+00
8.312500e-01 1.782267e-03
8.487500e-01 3.127810e-01
8.662500e-01 4.025911e+00
8.837500e-01 1.036436e+01
9.012500e-01 1.086462e+01
9.187500e-01 7.366960e+00
9.362500e-01 4.226279e+00
9.537500e-01 2.338011e+00
9.712500e-01 1.359835e+00
9.887500e-01 8.607213e-01
1.006250e+00 6.130502e-01
1.023750e+00 4.629678e-01
1.041250e+00 3.948521e-01
1.058750e+00 3.466215e-01
1.076250e+00 3.187164e-01
1.093750e+00 3.154907e-01
1.111250e+00 3.136091e-01
1.128750e+00 3.119527e-01
1.146250e+00 3.150484e-01
1.163750e+00 3.187577e-01
1.181250e+00 3.266627e-01
1.198750e+00 3.349300e-01
1.216250e+00 3.357981e-01
1.233750e+00 3.378245e-01
1.251250e+00 3.422945e-01
1.268750e+00 3.442767e-01
1.286250e+00 3.344578e-01
1.303750e+00 3.371587e-01
1.321250e+00 3.334415e-01
1.338750e+00 3.348269e-01
1.356250e+00 3.401711e-01
1.373750e+00 3.508100e-01
1.391250e+00 3.708459e-01
1.408750e+00 4.008315e-01
1.426250e+00 4.404427e-01
1.443750e+00 4.908694e-01
1.461250e+00 5.634109e-01
1.478750e+00 6.461191e-01
1.496250e+00 7.582687e-01
1.513750e+00 8.627350e-01
1.531250e+00 9.762394e-01
1.548750e+00 1.090835e+00
1.566250e+00 1.176961e+00
1.583750e+00 1.261845e+00
1.601250e+00 1.321523e+00
1.618750e+00 1.391297e+00
1.636250e+00 1.448740e+00
1.653750e+00 1.477859e+00
1.671250e+00 1.469008e+00
1.688750e+00 1.421365e+00
1.706250e+00 1.337342e+00
1.723750e+00 1.257802e+00
1.741250e+00 1.169087e+00
1.758750e+00 1.112588e+00
1.776250e+00 1.077415e+00
1.793750e+00 1.076335e+00
1.811250e+00 1.098360e+00
1.828750e+00 1.155116e+00
1.846250e+00 1.230648e+00
1.863750e+00 1.333835e+00
1.881250e+00 1.447040e+00
1.898750e+00 1.555138e+00
1.916250e+00 1.643056e+00
1.933750e+00 1.650673e+00
1.951250e+00 1.588882e+00
1.968750e+00 1.454593e+00
1.986250e+00 1.294579e+00
2.003750e+00 1.134471e+00
2.021250e+00 9.833972e-01
2.038750e+00 8.647234e-01
2.056250e+00 7.743110e-01
2.073750e+00 7.064399e-01
2.091250e+00 6.567265e-01
2.108750e+00 6.209897e-01
2.126250e+00 6.068906e-01
2.143750e+00 6.052570e-01
2.161250e+00 6.051630e-01
2.178750e+00 6.195558e-01
2.196250e+00 6.291749e-01
2.213750e+00 6.419433e-01
2.231250e+00 6.576311e-01
2.248750e+00 6.795990e-01
2.266250e+00 7.015537e-01
2.283750e+00 7.303699e-01
2.301250e+00 7.547840e-01
2.318750e+00 7.887967e-01
2.336250e+00 8.193899e-01
2.353750e+00 8.555211e-01
2.371250e+00 8.938497e-01
2.388750e+00 9.263018e-01
2.406250e+00 9.633463e-01
2.423750e+00 1.007259e+00
2.441250e+00 1.044955e+00
2.458750e+00 1.079566e+00
2.476250e+00 1.117797e+00
2.493750e+00 1.151223e+00
2.511250e+00 1.174690e+00
2.528750e+00 1.190552e+00
2.546250e+00 1.210647e+00
2.563750e+00 1.222543e+00
2.581250e+00 1.221068e+00
2.598750e+00 1.222593e+00
2.616250e+00 1.206955e+00
2.633750e+00 1.201539e+00
2.651250e+00 1.182973e+00
2.668750e+00 1.167445e+00
2.686250e+00 1.142131e+00
2.703750e+00 1.125689e+00
2.721250e+00 1.105491e+00
2.738750e+00 1.076994e+00
2.756250e+00 1.059689e+00
2.773750e+00 1.041971e+00
2.791250e+00 1.026441e+00
2.808750e+00 1.006947e+00
2.826250e+00 1.000040e+00
2.843750e+00 9.932439e-01
2.861250e+00 9.912696e-01
2.878750e+00 9.886621e-01
2.896250e+00 9.931214e-01
2.913750e+00 9.994158e-01
2.931250e+00 1.004464e+00
2.948750e+00 9.997555e-01
2.966250e+00 9.888989e-01
2.983750e+00 9.747248e-01
3.001250e+00 9.590375e-01
3.018750e+00 9.353708e-01
3.036250e+00 9.152713e-01
3.053750e+00 8.846446e-01
3.071250e+00 8.723936e-01
3.088750e+00 8.555166e-01
3.106250e+00 8.465652e-01
3.123750e+00 8.476466e-01
3.141250e+00 8.461533e-01
3.158750e+00 8.526504e-01
3.176250e+00 8.653466e-01
3.193750e+00 8.763279e-01
3.211250e+00 8.958950e-01
3.228750e+00 9.155624e-01
3.246250e+00 9.394399e-01
3.263750e+00 9.556760e-01
3.281250e+00 9.747111e-01
3.298750e+00 9.946914e-01
3.316250e+00 1.011170e+00
3.333750e+00 1.030569e+00
3.351250e+00 1.042899e+00
3.368750e+00 1.055360e+00
3.386250e+00 1.065309e+00
3.403750e+00 1.076328e+00
3.421250e+00 1.084491e+00
3.438750e+00 1.091110e+00
3.456250e+00 1.096137e+00
3.473750e+00 1.095122e+00
3.491250e+00 1.101651e+00
