# r          g(r)
2.625000e-02 0.000000e+00
4.375000e-02 0.000000e+00
6.125000e-02 0.000000e+00
7.875000e-02 0.000000e+00
9.625000e-02 0.000000e+00
1.137500e-01 0.000000e+00
1.312500e-01 0.000000e+00
1.487500e-01 0.000000e+00
1.662500e-01 0.000000e+00
1.837500e-01 0.000000e+00
2.012500e-01 0.000000e+00
2.187500e-01 0.000000e+00
2.362500e-01 0.000000e+00
2.537500e-01 0.000000e+00
2.712500e-01 0.000000e+00
2.887500e-01 0.000000e+00
3.062500e-01 0.000000e+00
3.237500e-01 0.000000e+00
3.412500e-01 0.000000e+00
3.587500e-01 0.000000e+00
3.762500e-01 0.000000e+00
3.937500e-01 0.000000e+00
4.112500e-01 0.000000e+00
4.287500e-01 0.000000e+00
4.462500e-01 0.000000e+00
4.637500e-01 0.000000e+00
4.812500e-01 0.000000e+00
4.987500e-01 0.000000e+00
5.162500e-01 0.000000e+00
5.337500e-01 0.000000e+00
5.512500e-01 0.000000e+00
5.687500e-01 0.000000e+00
5.862500e-01 0.000000e+00
6.037500e-01 0.000000e+00
6.212500e-01 0.000000e+00
6.387500e-01 0.000000e+00
6.562500e-01 0.000000e+00
6.737500e-01 0.000000e+00
6.912500e-01 0.000000e+00
7.087500e-01 0.000000e+00
7.262501e-01 0.000000e+00
7.437500e-01 0.000000e+00
7.612500e-01 1.174937e-03
7.787500e-01 3.089935e-02
7.962500e-01 2.529787e-01
8.137500e-01 1.019156e+00
8.312500e-01 2.445134e+00
8.487500e-01 4.042006e+00
8.662500e-01 5.114289e+00
8.837500e-01 5.406325e+00
9.012500e-01 5.048170e+00
9.187500e-01 4.348469e+00
9.362500e-01 3.581621e+00
9.537500e-01 2.844797e+00
9.712500e-01 2.254603e+00
9.887500e-01 1.773345e+00
1.006250e+00 1.388836e+00
1.023750e+00 1.120841e+00
1.041250e+00 9.114954e-01
1.058750e+00 7.603605e-01
1.076250e+00 6.429330e-01
1.093750e+00 5.501934e-01
1.111250e+00 4.909012e-01
1.128750e+00 4.435224e-01
1.146250e+00 4.119261e-01
1.163750e+00 3.826649e-01
1.181250e+00 3.605918e-01
1.198750e+00 3.496065e-01
1.216250e+00 3.415378e-01
1.233750e+00 3.340203e-01
1.251250e+00 3.325112e-01
1.268750e+00 3.329296e-01
1.286250e+00 3.386772e-01
1.303750e+00 3.404957e-01
1.321250e+00 3.564811e-01
1.338750e+00 3.616787e-01
1.356250e+00 3.873921e-01
1.373750e+00 4.116878e-01
1.391250e+00 4.460906e-01
1.408750e+00 4.861072e-01
1.426250e+00 5.300623e-01
1.443750e+00 5.897262e-01
1.461250e+00 6.493739e-01
1.478750e+00 7.190669e-01
1.496250e+00 7.959108e-01
1.513750e+00 8.764219e-01
1.531250e+00 9.573383e-01
1.548750e+00 1.031933e+00
1.566250e+00 1.097421e+00
1.583750e+00 1.167902e+00
1.601250e+00 1.215703e+00
1.618750e+00 1.265979e+00
1.636250e+00 1.284606e+00
1.653750e+00 1.307257e+00
1.671250e+00 1.301025e+00
1.688750e+00 1.286787e+00
1.706250e+00 1.279404e+00
1.723750e+00 1.254239e+00
1.741250e+00 1.230369e+00
1.758750e+00 1.220585e+00
1.776250e+00 1.221306e+00
1.793750e+00 1.228217e+00
1.811250e+00 1.253833e+00
1.828750e+00 1.282511e+00
1.846250e+00 1.326288e+00
1.863750e+00 1.369261e+00
1.881250e+00 1.394355e+00
1.898750e+00 1.410216e+00
1.916250e+00 1.387791e+00
1.933750e+00 1.361846e+00
1.951250e+00 1.310308e+00
1.968750e+00 1.245842e+00
1.986250e+00 1.177908e+00
2.003750e+00 1.097661e+00
2.021250e+00 1.021442e+00
2.038750e+00 9.518880e-01
2.056250e+00 8.899597e-01
2.073750e+00 8.345858e-01
2.091250e+00 7.863235e-01
2.108750e+00 7.428970e-01
2.126250e+00 7.153155e-01
2.143750e+00 6.900589e-01
2.161250e+00 6.779525e-01
2.178750e+00 6.742667e-01
2.196250e+00 6.720397e-01
2.213750e+00 6.779093e-01
2.231250e+00 6.893833e-01
2.248750e+00 7.047504e-01
2.266250e+00 7.222022e-01
2.283750e+00 7.461931e-01
2.301250e+00 7.693825e-01
2.318750e+00 8.015292e-01
2.336250e+00 8.322763e-01
2.353750e+00 8.710435e-01
2.371250e+00 8.970393e-01
2.388750e+00 9.304877e-01
2.406250e+00 9.704146e-01
2.423750e+00 1.004680e+00
2.441250e+00 1.037750e+00
2.458750e+00 1.062728e+00
2.476250e+00 1.095206e+00
2.493750e+00 1.119074e+00
2.511250e+00 1.139515e+00
2.528750e+00 1.153020e+00
2.546250e+00 1.173114e+00
2.563750e+00 1.177827e+00
2.581250e+00 1.181352e+00
2.598750e+00 1.182010e+00
2.616250e+00 1.178883e+00
2.633750e+00 1.170553e+00
2.651250e+00 1.159464e+00
2.668750e+00 1.145536e+00
2.686250e+00 1.135101e+00
2.703750e+00 1.118510e+00
2.721250e+00 1.101115e+00
2.738750e+00 1.085491e+00
2.756250e+00 1.068441e+00
2.773750e+00 1.056162e+00
2.791250e+00 1.044378e+00
2.808750e+00 1.032880e+00
2.826250e+00 1.018020e+00
2.843750e+00 1.014556e+00
2.861250e+00 1.009791e+00
2.878750e+00 1.000916e+00
2.896250e+00 9.928744e-01
2.913750e+00 9.900546e-01
2.931250e+00 9.815387e-01
2.948750e+00 9.703752e-01
2.966250e+00 9.625164e-01
2.983750e+00 9.479554e-01
3.001250e+00 9.365068e-01
3.018750e+00 9.246106e-01
3.036250e+00 9.121436e-01
3.053750e+00 9.020835e-01
3.071250e+00 8.927723e-01
3.088750e+00 8.832524e-01
3.106250e+00 8.816935e-01
3.123750e+00 8.818569e-01
3.141250e+00 8.810608e-01
3.158750e+00 8.875436e-01
3.176250e+00 8.927812e-01
3.193750e+00 8.993002e-01
3.211250e+00 9.153939e-01
3.228750e+00 9.317325e-01
3.246250e+00 9.418430e-01
3.263750e+00 9.597459e-01
3.281250e+00 9.725372e-01
3.298750e+00 9.901850e-01
3.316250e+00 1.004212e+00
3.333750e+00 1.018429e+00
3.351250e+00 1.032997e+00
3.368750e+00 1.044438e+00
3.386250e+00 1.058203e+00
3.403750e+00 1.065385e+00
3.421250e+00 1.071214e+00
3.438750e+00 1.078312e+00
3.456250e+00 1.083682e+00
3.473750e+00 1.083004e+00
3.491250e+00 1.085272e+00
