# r          g(r)
2.625000e-02 0.000000e+00
4.375000e-02 0.000000e+00
6.125000e-02 0.000000e+00
7.875000e-02 0.000000e+00
9.625000e-02 0.000000e+00
1.137500e-01 0.000000e+00
1.312500e-01 0.000000e+00
1.487500e-01 0.000000e+00
1.662500e-01 0.000000e+00
1.837500e-01 0.000000e+00
2.012500e-01 0.000000e+00
2.187500e-01 0.000000e+00
2.362500e-01 0.000000e+00
2.537500e-01 0.000000e+00
2.712500e-01 0.000000e+00
2.887500e-01 0.000000e+00
3.062500e-01 0.000000e+00
3.237500e-01 0.000000e+00
3.412500e-01 0.000000e+00
3.587500e-01 0.000000e+00
3.762500e-01 0.000000e+00
3.937500e-01 0.000000e+00
4.112500e-01 0.000000e+00
4.287500e-01 0.000000e+00
4.462500e-01 0.000000e+00
4.637500e-01 0.000000e+00
4.812500e-01 0.000000e+00
4.987500e-01 0.000000e+00
5.162500e-01 0.000000e+00
5.337500e-01 0.000000e+00
5.512500e-01 0.000000e+00
5.687500e-01 0.000000e+00
5.862500e-01 0.000000e+00
6.037500e-01 0.000000e+00
6.212500e-01 0.000000e+00
6.387500e-01 0.000000e+00
6.562500e-01 0.000000e+00
6.737500e-01 0.000000e+00
6.912500e-01 0.000000e+00
7.087500e-01 0.000000e+00
7.262501e-01 0.000000e+00
7.437500e-01 0.000000e+00
7.612500e-01 0.000000e+00
7.787500e-01 0.000000e+00
7.962500e-01 0.000000e+00
8.137500e-01 0.000000e+00
8.312500e-01 2.142149e-04
8.487500e-01 2.260216e-03
8.662500e-01 1.923244e-02
8.837500e-01 8.968153e-02
9.012500e-01 2.874718e-01
9.187500e-01 6.570454e-01
9.362500e-01 1.173886e+00
9.537500e-01 1.733135e+00
9.712500e-01 2.230438e+00
9.887500e-01 2.579893e+00
1.006250e+00 2.778739e+00
1.023750e+00 2.800293e+00
1.041250e+00 2.741436e+00
1.058750e+00 2.577635e+00
1.076250e+00 2.387115e+00
1.093750e+00 2.180840e+00
1.111250e+00 1.963833e+00
1.128750e+00 1.764737e+00
1.146250e+00 1.596721e+00
1.163750e+00 1.429064e+00
1.181250e+00 1.287552e+00
1.198750e+00 1.173911e+00
1.216250e+00 1.071283e+00
1.233750e+00 9.757460e-01
1.251250e+00 8.956245e-01
1.268750e+00 8.349538e-01
1.286250e+00 7.852679e-01
1.303750e+00 7.347349e-01
1.321250e+00 6.993701e-01
1.338750e+00 6.710447e-01
1.356250e+00 6.448380e-01
1.373750e+00 6.265203e-01
1.391250e+00 6.152903e-01
1.408750e+00 6.067427e-01
1.426250e+00 6.036805e-01
1.443750e+00 6.089566e-01
1.461250e+00 6.131042e-01
1.478750e+00 6.267009e-01
1.496250e+00 6.380284e-01
1.513750e+00 6.584566e-01
1.531250e+00 6.808929e-01
1.548750e+00 7.087672e-01
1.566250e+00 7.384999e-01
1.583750e+00 7.680574e-01
1.601250e+00 8.019359e-01
1.618750e+00 8.338706e-01
1.636250e+00 8.634272e-01
1.653750e+00 8.985862e-01
1.671250e+00 9.257405e-01
1.688750e+00 9.585689e-01
1.706250e+00 9.872379e-01
1.723750e+00 1.015844e+00
1.741250e+00 1.038748e+00
1.758750e+00 1.062575e+00
1.776250e+00 1.084368e+00
1.793750e+00 1.109276e+00
1.811250e+00 1.125252e+00
1.828750e+00 1.140702e+00
1.846250e+00 1.160884e+00
1.863750e+00 1.170480e+00
1.881250e+00 1.186487e+00
1.898750e+00 1.200417e+00
1.916250e+00 1.208328e+00
1.933750e+00 1.213043e+00
1.951250e+00 1.215365e+00
1.968750e+00 1.207463e+00
1.986250e+00 1.204476e+00
2.003750e+00 1.194484e+00
2.021250e+00 1.176986e+00
2.038750e+00 1.162335e+00
2.056250e+00 1.139548e+00
2.073750e+00 1.114755e+00
2.091250e+00 1.089329e+00
2.108750e+00 1.063227e+00
2.126250e+00 1.036270e+00
2.143750e+00 1.011369e+00
2.161250e+00 9.893335e-01
2.178750e+00 9.652635e-01
2.196250e+00 9.453136e-01
2.213750e+00 9.272994e-01
2.231250e+00 9.119715e-01
2.248750e+00 8.970447e-01
2.266250e+00 8.859876e-01
2.283750e+00 8.762071e-01
2.301250e+00 8.741748e-01
2.318750e+00 8.692878e-01
2.336250e+00 8.704762e-01
2.353750e+00 8.703942e-01
2.371250e+00 8.720423e-01
2.388750e+00 8.794433e-01
2.406250e+00 8.844260e-01
2.423750e+00 8.927345e-01
2.441250e+00 9.034339e-01
2.458750e+00 9.179454e-01
2.476250e+00 9.271877e-01
2.493750e+00 9.380061e-01
2.511250e+00 9.523852e-01
2.528750e+00 9.654580e-01
2.546250e+00 9.788874e-01
2.563750e+00 9.929723e-01
2.581250e+00 1.004331e+00
2.598750e+00 1.014539e+00
2.616250e+00 1.027164e+00
2.633750e+00 1.034584e+00
2.651250e+00 1.040426e+00
2.668750e+00 1.047707e+00
2.686250e+00 1.054977e+00
2.703750e+00 1.063415e+00
2.721250e+00 1.067975e+00
2.738750e+00 1.066487e+00
2.756250e+00 1.066314e+00
2.773750e+00 1.068068e+00
2.791250e+00 1.069021e+00
2.808750e+00 1.064549e+00
2.826250e+00 1.062696e+00
2.843750e+00 1.059973e+00
2.861250e+00 1.054985e+00
2.878750e+00 1.051334e+00
2.896250e+00 1.045958e+00
2.913750e+00 1.039946e+00
2.931250e+00 1.032620e+00
2.948750e+00 1.028330e+00
2.966250e+00 1.021333e+00
2.983750e+00 1.014397e+00
3.001250e+00 1.010826e+00
3.018750e+00 1.002191e+00
3.036250e+00 9.971057e-01
3.053750e+00 9.883343e-01
3.071250e+00 9.846379e-01
3.088750e+00 9.781882e-01
3.106250e+00 9.752412e-01
3.123750e+00 9.696897e-01
3.141250e+00 9.661825e-01
3.158750e+00 9.632344e-01
3.176250e+00 9.589437e-01
3.193750e+00 9.594494e-01
3.211250e+00 9.571255e-01
3.228750e+00 9.579554e-01
3.246250e+00 9.600245e-01
3.263750e+00 9.584230e-01
3.281250e+00 9.625689e-01
3.298750e+00 9.645820e-01
3.316250e+00 9.674511e-01
3.333750e+00 9.679910e-01
3.351250e+00 9.735976e-01
3.368750e+00 9.780340e-01
3.386250e+00 9.837786e-01
3.403750e+00 9.860725e-01
3.421250e+00 9.907941e-01
3.438750e+00 9.949748e-01
3.456250e+00 9.990820e-01
3.473750e+00 1.004609e+00
3.491250e+00 1.009406e+00
