# r          g(r)
2.625000e-02 0.000000e+00
4.375000e-02 0.000000e+00
6.125000e-02 0.000000e+00
7.875000e-02 0.000000e+00
9.625000e-02 0.000000e+00
1.137500e-01 0.000000e+00
1.312500e-01 0.000000e+00
1.487500e-01 0.000000e+00
1.662500e-01 0.000000e+00
1.837500e-01 0.000000e+00
2.012500e-01 0.000000e+00
2.187500e-01 0.000000e+00
2.362500e-01 0.000000e+00
2.537500e-01 0.000000e+00
2.712500e-01 0.000000e+00
2.887500e-01 0.000000e+00
3.062500e-01 0.000000e+00
3.237500e-01 0.000000e+00
3.412500e-01 0.000000e+00
3.587500e-01 0.000000e+00
3.762500e-01 0.000000e+00
3.937500e-01 0.000000e+00
4.112500e-01 0.000000e+00
4.287500e-01 0.000000e+00
4.462500e-01 0.000000e+00
4.637500e-01 0.000000e+00
4.812500e-01 0.000000e+00
4.987500e-01 0.000000e+00
5.162500e-01 0.000000e+00
5.337500e-01 0.000000e+00
5.512500e-01 0.000000e+00
5.687500e-01 0.000000e+00
5.862500e-01 0.000000e+00
6.037500e-01 0.000000e+00
6.212500e-01 0.000000e+00
6.387500e-01 0.000000e+00
6.562500e-01 0.000000e+00
6.737500e-01 0.000000e+00
6.912500e-01 0.000000e+00
7.087500e-01 0.000000e+00
7.262501e-01 0.000000e+00
7.437500e-01 0.000000e+00
7.612500e-01 0.000000e+00
7.787500e-01 0.000000e+00
7.962500e-01 0.000000e+00
8.137500e-01 0.000000e+00
8.312500e-01 6.580680e-03
8.487500e-01 6.251017e-01
8.662500e-01 5.273892e+00
8.837500e-01 1.082856e+01
9.012500e-01 1.027348e+01
9.187500e-01 6.687865e+00
9.362500e-01 3.760217e+00
9.537500e-01 2.097336e+00
9.712500e-01 1.207744e+00
9.887500e-01 7.586364e-01
1.006250e+00 5.182741e-01
1.023750e+00 4.038087e-01
1.041250e+00 3.413343e-01
1.058750e+00 2.990418e-01
1.076250e+00 2.968389e-01
1.093750e+00 2.823500e-01
1.111250e+00 2.967319e-01
1.128750e+00 2.996100e-01
1.146250e+00 3.021062e-01
1.163750e+00 3.173237e-01
1.181250e+00 3.244223e-01
1.198750e+00 3.382922e-01
1.216250e+00 3.548822e-01
1.233750e+00 3.550954e-01
1.251250e+00 3.664373e-01
1.268750e+00 3.631089e-01
1.286250e+00 3.783193e-01
1.303750e+00 3.773702e-01
1.321250e+00 3.824986e-01
1.338750e+00 3.892703e-01
1.356250e+00 3.962311e-01
1.373750e+00 4.181759e-01
1.391250e+00 4.425483e-01
1.408750e+00 4.672787e-01
1.426250e+00 5.099496e-01
1.443750e+00 5.584971e-01
1.461250e+00 6.218195e-01
1.478750e+00 6.990381e-01
1.496250e+00 7.897300e-01
1.513750e+00 8.791686e-01
1.531250e+00 9.714314e-01
1.548750e+00 1.063465e+00
1.566250e+00 1.158270e+00
1.583750e+00 1.229345e+00
1.601250e+00 1.316572e+00
1.618750e+00 1.388965e+00
1.636250e+00 1.440230e+00
1.653750e+00 1.455655e+00
1.671250e+00 1.443418e+00
1.688750e+00 1.381586e+00
1.706250e+00 1.296992e+00
1.723750e+00 1.214138e+00
1.741250e+00 1.150356e+00
1.758750e+00 1.109234e+00
1.776250e+00 1.087879e+00
1.793750e+00 1.100022e+00
1.811250e+00 1.145790e+00
1.828750e+00 1.206657e+00
1.846250e+00 1.278242e+00
1.863750e+00 1.377335e+00
1.881250e+00 1.474624e+00
1.898750e+00 1.567908e+00
1.916250e+00 1.614470e+00
1.933750e+00 1.600258e+00
1.951250e+00 1.496123e+00
1.968750e+00 1.357694e+00
1.986250e+00 1.194927e+00
2.003750e+00 1.048455e+00
2.021250e+00 9.102726e-01
2.038750e+00 8.118462e-01
2.056250e+00 7.345412e-01
2.073750e+00 6.831111e-01
2.091250e+00 6.493506e-01
2.108750e+00 6.329517e-01
2.126250e+00 6.223656e-01
2.143750e+00 6.252834e-01
2.161250e+00 6.345302e-01
2.178750e+00 6.424963e-01
2.196250e+00 6.598234e-01
2.213750e+00 6.771349e-01
2.231250e+00 6.988764e-01
2.248750e+00 7.209915e-01
2.266250e+00 7.450942e-01
2.283750e+00 7.742907e-01
2.301250e+00 7.991663e-01
2.318750e+00 8.264323e-01
2.336250e+00 8.589982e-01
2.353750e+00 8.848302e-01
2.371250e+00 9.191135e-01
2.388750e+00 9.574810e-01
2.406250e+00 9.848211e-01
2.423750e+00 1.018200e+00
2.441250e+00 1.052815e+00
2.458750e+00 1.083953e+00
2.476250e+00 1.106850e+00
2.493750e+00 1.136363e+00
2.511250e+00 1.160411e+00
2.528750e+00 1.180344e+00
2.546250e+00 1.192426e+00
2.563750e+00 1.191937e+00
2.581250e+00 1.197557e+00
2.598750e+00 1.196172e+00
2.616250e+00 1.182305e+00
2.633750e+00 1.174750e+00
2.651250e+00 1.158053e+00
2.668750e+00 1.144913e+00
2.686250e+00 1.117705e+00
2.703750e+00 1.104255e+00
2.721250e+00 1.083577e+00
2.738750e+00 1.070256e+00
2.756250e+00 1.051771e+00
2.773750e+00 1.036430e+00
2.791250e+00 1.023341e+00
2.808750e+00 1.010988e+00
2.826250e+00 1.008538e+00
2.843750e+00 1.001175e+00
2.861250e+00 1.008569e+00
2.878750e+00 1.004575e+00
2.896250e+00 1.003596e+00
2.913750e+00 1.006675e+00
2.931250e+00 1.003769e+00
2.948750e+00 9.959204e-01
2.966250e+00 9.844360e-01
2.983750e+00 9.657226e-01
3.001250e+00 9.506079e-01
3.018750e+00 9.293049e-01
3.036250e+00 9.041423e-01
3.053750e+00 8.892872e-01
3.071250e+00 8.763256e-01
3.088750e+00 8.609283e-01
3.106250e+00 8.580478e-01
3.123750e+00 8.621222e-01
3.141250e+00 8.670300e-01
3.158750e+00 8.736670e-01
3.176250e+00 8.859631e-01
3.193750e+00 9.016969e-01
3.211250e+00 9.165100e-01
3.228750e+00 9.325060e-01
3.246250e+00 9.523355e-01
3.263750e+00 9.666062e-01
3.281250e+00 9.847331e-01
3.298750e+00 9.984130e-01
3.316250e+00 1.013453e+00
3.333750e+00 1.028510e+00
3.351250e+00 1.041512e+00
3.368750e+00 1.052342e+00
3.386250e+00 1.056969e+00
3.403750e+00 1.067374e+00
3.421250e+00 1.076587e+00
3.438750e+00 1.081989e+00
3.456250e+00 1.084717e+00
3.473750e+00 1.087373e+00
3.491250e+00 1.084591e+00
