# r          g(r)
2.625000e-02 0.000000e+00
4.375000e-02 0.000000e+00
6.125000e-02 0.000000e+00
7.875000e-02 0.000000e+00
9.625000e-02 0.000000e+00
1.137500e-01 0.000000e+00
1.312500e-01 0.000000e+00
1.487500e-01 0.000000e+00
1.662500e-01 0.000000e+00
1.837500e-01 0.000000e+00
2.012500e-01 0.000000e+00
2.187500e-01 0.000000e+00
2.362500e-01 0.000000e+00
2.537500e-01 0.000000e+00
2.712500e-01 0.000000e+00
2.887500e-01 0.000000e+00
3.062500e-01 0.000000e+00
3.237500e-01 0.000000e+00
3.412500e-01 0.000000e+00
3.587500e-01 0.000000e+00
3.762500e-01 0.000000e+00
3.937500e-01 0.000000e+00
4.112500e-01 0.000000e+00
4.287500e-01 0.000000e+00
4.462500e-01 0.000000e+00
4.637500e-01 0.000000e+00
4.812500e-01 0.000000e+00
4.987500e-01 0.000000e+00
5.162500e-01 0.000000e+00
5.337500e-01 0.000000e+00
5.512500e-01 0.000000e+00
5.687500e-01 0.000000e+00
5.862500e-01 0.000000e+00
6.037500e-01 0.000000e+00
6.212500e-01 0.000000e+00
6.387500e-01 0.000000e+00
6.562500e-01 0.000000e+00
6.737500e-01 0.000000e+00
6.912500e-01 0.000000e+00
7.087500e-01 0.000000e+00
7.262501e-01 0.000000e+00
7.437500e-01 0.000000e+00
7.612500e-01 0.000000e+00
7.787500e-01 0.000000e+00
7.962500e-01 0.000000e+00
8.137500e-01 0.000000e+00
8.312500e-01 0.000000e+00
8.487500e-01 1.899494e-02
8.662500e-01 5.891371e-02
8.837500e-01 9.433953e-02
9.012500e-01 1.464340e-01
9.187500e-01 2.144812e-01
9.362500e-01 2.353577e-01
9.537500e-01 2.939147e-01
9.712500e-01 3.213553e-01
9.887500e-01 3.025458e-01
1.006250e+00 3.524083e-01
1.023750e+00 3.314230e-01
1.041250e+00 3.388247e-01
1.058750e+00 3.277145e-01
1.076250e+00 3.362275e-01
1.093750e+00 3.783496e-01
1.111250e+00 3.793108e-01
1.128750e+00 4.601694e-01
1.146250e+00 4.902916e-01
1.163750e+00 5.751364e-01
1.181250e+00 6.110287e-01
1.198750e+00 7.024633e-01
1.216250e+00 8.111839e-01
1.233750e+00 9.605302e-01
1.251250e+00 1.127468e+00
1.268750e+00 1.194669e+00
1.286250e+00 1.306809e+00
1.303750e+00 1.395810e+00
1.321250e+00 1.523084e+00
1.338750e+00 1.582794e+00
1.356250e+00 1.665806e+00
1.373750e+00 1.598533e+00
1.391250e+00 1.662452e+00
1.408750e+00 1.643147e+00
1.426250e+00 1.596859e+00
1.443750e+00 1.568487e+00
1.461250e+00 1.469026e+00
1.478750e+00 1.421475e+00
1.496250e+00 1.288735e+00
1.513750e+00 1.260027e+00
1.531250e+00 1.226458e+00
1.548750e+00 1.147552e+00
1.566250e+00 1.111322e+00
1.583750e+00 1.085231e+00
1.601250e+00 1.067785e+00
1.618750e+00 1.101464e+00
1.636250e+00 1.208178e+00
1.653750e+00 1.226608e+00
1.671250e+00 1.356314e+00
1.688750e+00 1.361585e+00
1.706250e+00 1.450575e+00
1.723750e+00 1.493189e+00
1.741250e+00 1.470609e+00
1.758750e+00 1.419713e+00
1.776250e+00 1.363856e+00
1.793750e+00 1.263107e+00
1.811250e+00 1.155716e+00
1.828750e+00 1.060057e+00
1.846250e+00 9.396921e-01
1.863750e+00 8.563685e-01
1.881250e+00 7.857904e-01
1.898750e+00 7.103485e-01
1.916250e+00 6.670507e-01
1.933750e+00 6.330726e-01
1.951250e+00 5.863784e-01
1.968750e+00 5.722049e-01
1.986250e+00 5.480210e-01
2.003750e+00 5.670663e-01
2.021250e+00 5.964574e-01
2.038750e+00 5.718226e-01
2.056250e+00 5.850320e-01
2.073750e+00 5.908691e-01
2.091250e+00 6.281977e-01
2.108750e+00 6.502337e-01
2.126250e+00 6.847536e-01
2.143750e+00 7.143884e-01
2.161250e+00 7.262951e-01
2.178750e+00 7.936242e-01
2.196250e+00 8.829376e-01
2.213750e+00 8.885675e-01
2.231250e+00 9.472190e-01
2.248750e+00 9.860257e-01
2.266250e+00 1.033354e+00
2.283750e+00 1.077536e+00
2.301250e+00 1.086052e+00
2.318750e+00 1.176210e+00
2.336250e+00 1.195500e+00
2.353750e+00 1.213707e+00
2.371250e+00 1.256492e+00
2.388750e+00 1.250155e+00
2.406250e+00 1.231130e+00
2.423750e+00 1.270914e+00
2.441250e+00 1.243950e+00
2.458750e+00 1.220202e+00
2.476250e+00 1.197707e+00
2.493750e+00 1.199381e+00
2.511250e+00 1.191586e+00
2.528750e+00 1.161328e+00
2.546250e+00 1.136636e+00
2.563750e+00 1.111893e+00
2.581250e+00 1.091182e+00
2.598750e+00 1.087591e+00
2.616250e+00 1.064797e+00
2.633750e+00 1.069661e+00
2.651250e+00 1.044344e+00
2.668750e+00 1.033218e+00
2.686250e+00 1.021699e+00
2.703750e+00 1.037295e+00
2.721250e+00 1.034963e+00
2.738750e+00 9.997365e-01
2.756250e+00 1.013679e+00
2.773750e+00 9.961533e-01
2.791250e+00 9.715357e-01
2.808750e+00 9.558578e-01
2.826250e+00 9.286534e-01
2.843750e+00 9.129561e-01
2.861250e+00 8.833041e-01
2.878750e+00 8.731052e-01
2.896250e+00 8.673648e-01
2.913750e+00 8.531287e-01
2.931250e+00 8.380668e-01
2.948750e+00 8.342100e-01
2.966250e+00 8.370777e-01
2.983750e+00 8.414654e-01
3.001250e+00 8.458309e-01
3.018750e+00 8.638894e-01
3.036250e+00 8.724455e-01
3.053750e+00 9.007481e-01
3.071250e+00 9.040163e-01
3.088750e+00 9.293187e-01
3.106250e+00 9.708195e-01
3.123750e+00 9.610473e-01
3.141250e+00 9.811865e-01
3.158750e+00 1.011505e+00
3.176250e+00 1.008109e+00
3.193750e+00 1.037524e+00
3.211250e+00 1.050968e+00
3.228750e+00 1.054146e+00
3.246250e+00 1.060673e+00
3.263750e+00 1.088785e+00
3.281250e+00 1.072693e+00
3.298750e+00 1.093102e+00
3.316250e+00 1.072143e+00
3.333750e+00 1.100070e+00
3.351250e+00 1.117464e+00
3.368750e+00 1.100344e+00
3.386250e+00 1.083209e+00
3.403750e+00 1.097723e+00
3.421250e+00 1.082646e+00
3.438750e+00 1.082701e+00
3.456250e+00 1.052024e+00
3.473750e+00 1.045364e+00
3.491250e+00 1.064893e+00
