# r          g(r)
2.625000e-02 0.000000e+00
4.375000e-02 0.000000e+00
6.125000e-02 0.000000e+00
7.875000e-02 0.000000e+00
9.625000e-02 0.000000e+00
1.137500e-01 0.000000e+00
1.312500e-01 0.000000e+00
1.487500e-01 0.000000e+00
1.662500e-01 0.000000e+00
1.837500e-01 0.000000e+00
2.012500e-01 0.000000e+00
2.187500e-01 0.000000e+00
2.362500e-01 0.000000e+00
2.537500e-01 0.000000e+00
2.712500e-01 0.000000e+00
2.887500e-01 0.000000e+00
3.062500e-01 0.000000e+00
3.237500e-01 0.000000e+00
3.412500e-01 0.000000e+00
3.587500e-01 0.000000e+00
3.762500e-01 0.000000e+00
3.937500e-01 0.000000e+00
4.112500e-01 0.000000e+00
4.287500e-01 0.000000e+00
4.462500e-01 0.000000e+00
4.637500e-01 0.000000e+00
4.812500e-01 0.000000e+00
4.987500e-01 0.000000e+00
5.162500e-01 0.000000e+00
5.337500e-01 0.000000e+00
5.512500e-01 0.000000e+00
5.687500e-01 0.000000e+00
5.862500e-01 0.000000e+00
6.037500e-01 0.000000e+00
6.212500e-01 0.000000e+00
6.387500e-01 0.000000e+00
6.562500e-01 0.000000e+00
6.737500e-01 0.000000e+00
6.912500e-01 0.000000e+00
7.087500e-01 0.000000e+00
7.262501e-01 0.000000e+00
7.437500e-01 0.000000e+00
7.612500e-01 0.000000e+00
7.787500e-01 0.000000e+00
7.962500e-01 0.000000e+00
8.137500e-01 0.000000e+00
8.312500e-01 0.000000e+00
8.487500e-01 0.000000e+00
8.662500e-01 0.000000e+00
8.837500e-01 0.000000e+00
9.012500e-01 0.000000e+00
9.187500e-01 0.000000e+00
9.362500e-01 0.000000e+00
9.537500e-01 0.000000e+00
9.712500e-01 0.000000e+00
9.887500e-01 7.267560e-05
1.006250e+00 1.707465e-02
1.023750e+00 4.718710e-01
1.041250e+00 2.732531e+00
1.058750e+00 5.961906e+00
1.076250e+00 7.257260e+00
1.093750e+00 6.393281e+00
1.111250e+00 4.788426e+00
1.128750e+00 3.395010e+00
1.146250e+00 2.383989e+00
1.163750e+00 1.719085e+00
1.181250e+00 1.270414e+00
1.198750e+00 9.705750e-01
1.216250e+00 7.880223e-01
1.233750e+00 6.494315e-01
1.251250e+00 5.620148e-01
1.268750e+00 4.997456e-01
1.286250e+00 4.494367e-01
1.303750e+00 4.161188e-01
1.321250e+00 3.901366e-01
1.338750e+00 3.686294e-01
1.356250e+00 3.548749e-01
1.373750e+00 3.409209e-01
1.391250e+00 3.365609e-01
1.408750e+00 3.351122e-01
1.426250e+00 3.362524e-01
1.443750e+00 3.360368e-01
1.461250e+00 3.485548e-01
1.478750e+00 3.633824e-01
1.496250e+00 4.007151e-01
1.513750e+00 4.563074e-01
1.531250e+00 4.882611e-01
1.548750e+00 5.263314e-01
1.566250e+00 5.552599e-01
1.583750e+00 5.932102e-01
1.601250e+00 6.247098e-01
1.618750e+00 6.726460e-01
1.636250e+00 7.501741e-01
1.653750e+00 8.639807e-01
1.671250e+00 9.906093e-01
1.688750e+00 1.102245e+00
1.706250e+00 1.167396e+00
1.723750e+00 1.169251e+00
1.741250e+00 1.136592e+00
1.758750e+00 1.115704e+00
1.776250e+00 1.105902e+00
1.793750e+00 1.126285e+00
1.811250e+00 1.158583e+00
1.828750e+00 1.214412e+00
1.846250e+00 1.256238e+00
1.863750e+00 1.300473e+00
1.881250e+00 1.328524e+00
1.898750e+00 1.320756e+00
1.916250e+00 1.297889e+00
1.933750e+00 1.245801e+00
1.951250e+00 1.189534e+00
1.968750e+00 1.142972e+00
1.986250e+00 1.100474e+00
2.003750e+00 1.093014e+00
2.021250e+00 1.101316e+00
2.038750e+00 1.139189e+00
2.056250e+00 1.207252e+00
2.073750e+00 1.295470e+00
2.091250e+00 1.380779e+00
2.108750e+00 1.431001e+00
2.126250e+00 1.434984e+00
2.143750e+00 1.383063e+00
2.161250e+00 1.290541e+00
2.178750e+00 1.183663e+00
2.196250e+00 1.068178e+00
2.213750e+00 9.613395e-01
2.231250e+00 8.728009e-01
2.248750e+00 8.004137e-01
2.266250e+00 7.392055e-01
2.283750e+00 6.958990e-01
2.301250e+00 6.638014e-01
2.318750e+00 6.472536e-01
2.336250e+00 6.379806e-01
2.353750e+00 6.432440e-01
2.371250e+00 6.488239e-01
2.388750e+00 6.634206e-01
2.406250e+00 6.830268e-01
2.423750e+00 7.106802e-01
2.441250e+00 7.362030e-01
2.458750e+00 7.672799e-01
2.476250e+00 8.048831e-01
2.493750e+00 8.386665e-01
2.511250e+00 8.755175e-01
2.528750e+00 9.120214e-01
2.546250e+00 9.423559e-01
2.563750e+00 9.804351e-01
2.581250e+00 1.009594e+00
2.598750e+00 1.038308e+00
2.616250e+00 1.069825e+00
2.633750e+00 1.096790e+00
2.651250e+00 1.116280e+00
2.668750e+00 1.141325e+00
2.686250e+00 1.159807e+00
2.703750e+00 1.171057e+00
2.721250e+00 1.176448e+00
2.738750e+00 1.182281e+00
2.756250e+00 1.184406e+00
2.773750e+00 1.181701e+00
2.791250e+00 1.172889e+00
2.808750e+00 1.160552e+00
2.826250e+00 1.147234e+00
2.843750e+00 1.137316e+00
2.861250e+00 1.126077e+00
2.878750e+00 1.109245e+00
2.896250e+00 1.088304e+00
2.913750e+00 1.067718e+00
2.931250e+00 1.052578e+00
2.948750e+00 1.038386e+00
2.966250e+00 1.019756e+00
2.983750e+00 9.995063e-01
3.001250e+00 9.853639e-01
3.018750e+00 9.730737e-01
3.036250e+00 9.668165e-01
3.053750e+00 9.656472e-01
3.071250e+00 9.654242e-01
3.088750e+00 9.703088e-01
3.106250e+00 9.724270e-01
3.123750e+00 9.754560e-01
3.141250e+00 9.744540e-01
3.158750e+00 9.672352e-01
3.176250e+00 9.641122e-01
3.193750e+00 9.501303e-01
3.211250e+00 9.349847e-01
3.228750e+00 9.221373e-01
3.246250e+00 9.085651e-01
3.263750e+00 8.966763e-01
3.281250e+00 8.847427e-01
3.298750e+00 8.803198e-01
3.316250e+00 8.833245e-01
3.333750e+00 8.873965e-01
3.351250e+00 8.893448e-01
3.368750e+00 8.993455e-01
3.386250e+00 9.122496e-01
3.403750e+00 9.282756e-01
3.421250e+00 9.444671e-01
3.438750e+00 9.633232e-01
3.456250e+00 9.801775e-01
3.473750e+00 9.953314e-01
3.491250e+00 1.013570e+00
