# r          g(r)
2.625000e-02 0.000000e+00
4.375000e-02 0.000000e+00
6.125000e-02 0.000000e+00
7.875000e-02 0.000000e+00
9.625000e-02 0.000000e+00
1.137500e-01 0.000000e+00
1.312500e-01 0.000000e+00
1.487500e-01 0.000000e+00
1.662500e-01 0.000000e+00
1.837500e-01 0.000000e+00
2.012500e-01 0.000000e+00
2.187500e-01 0.000000e+00
2.362500e-01 0.000000e+00
2.537500e-01 0.000000e+00
2.712500e-01 0.000000e+00
2.887500e-01 0.000000e+00
3.062500e-01 0.000000e+00
3.237500e-01 0.000000e+00
3.412500e-01 0.000000e+00
3.587500e-01 0.000000e+00
3.762500e-01 0.000000e+00
3.937500e-01 0.000000e+00
4.112500e-01 0.000000e+00
4.287500e-01 0.000000e+00
4.462500e-01 0.000000e+00
4.637500e-01 0.000000e+00
4.812500e-01 0.000000e+00
4.987500e-01 0.000000e+00
5.162500e-01 0.000000e+00
5.337500e-01 0.000000e+00
5.512500e-01 0.000000e+00
5.687500e-01 0.000000e+00
5.862500e-01 0.000000e+00
6.037500e-01 0.000000e+00
6.212500e-01 0.000000e+00
6.387500e-01 0.000000e+00
6.562500e-01 0.000000e+00
6.737500e-01 0.000000e+00
6.912500e-01 0.000000e+00
7.087500e-01 0.000000e+00
7.262501e-01 0.000000e+00
7.437500e-01 0.000000e+00
7.612500e-01 0.000000e+00
7.787500e-01 0.000000e+00
7.962500e-01 0.000000e+00
8.137500e-01 0.000000e+00
8.312500e-01 0.000000e+00
8.487500e-01 0.000000e+00
8.662500e-01 0.000000e+00
8.837500e-01 0.000000e+00
9.012500e-01 0.000000e+00
9.187500e-01 0.000000e+00
9.362500e-01 0.000000e+00
9.537500e-01 0.000000e+00
9.712500e-01 0.000000e+00
9.887500e-01 2.422520e-04
1.006250e+00 3.723677e-02
1.023750e+00 7.077613e-01
1.041250e+00 3.337107e+00
1.058750e+00 6.382992e+00
1.076250e+00 7.190493e+00
1.093750e+00 6.043897e+00
1.111250e+00 4.444918e+00
1.128750e+00 3.114285e+00
1.146250e+00 2.173975e+00
1.163750e+00 1.564585e+00
1.181250e+00 1.167947e+00
1.198750e+00 9.085070e-01
1.216250e+00 7.391912e-01
1.233750e+00 6.125714e-01
1.251250e+00 5.372820e-01
1.268750e+00 4.865483e-01
1.286250e+00 4.525430e-01
1.303750e+00 4.221798e-01
1.321250e+00 3.990092e-01
1.338750e+00 3.935122e-01
1.356250e+00 3.781796e-01
1.373750e+00 3.756204e-01
1.391250e+00 3.716779e-01
1.408750e+00 3.743624e-01
1.426250e+00 3.790742e-01
1.443750e+00 3.898595e-01
1.461250e+00 4.018224e-01
1.478750e+00 4.193828e-01
1.496250e+00 4.532601e-01
1.513750e+00 5.152825e-01
1.531250e+00 5.461587e-01
1.548750e+00 5.702845e-01
1.566250e+00 5.940269e-01
1.583750e+00 6.269286e-01
1.601250e+00 6.538430e-01
1.618750e+00 7.045827e-01
1.636250e+00 7.847136e-01
1.653750e+00 8.942336e-01
1.671250e+00 1.021750e+00
1.688750e+00 1.112576e+00
1.706250e+00 1.155356e+00
1.723750e+00 1.138627e+00
1.741250e+00 1.103871e+00
1.758750e+00 1.077490e+00
1.776250e+00 1.071957e+00
1.793750e+00 1.091506e+00
1.811250e+00 1.121512e+00
1.828750e+00 1.168055e+00
1.846250e+00 1.226375e+00
1.863750e+00 1.258395e+00
1.881250e+00 1.272589e+00
1.898750e+00 1.264247e+00
1.916250e+00 1.231802e+00
1.933750e+00 1.192400e+00
1.951250e+00 1.156575e+00
1.968750e+00 1.123540e+00
1.986250e+00 1.105945e+00
2.003750e+00 1.110941e+00
2.021250e+00 1.141705e+00
2.038750e+00 1.195627e+00
2.056250e+00 1.271690e+00
2.073750e+00 1.354558e+00
2.091250e+00 1.417509e+00
2.108750e+00 1.440159e+00
2.126250e+00 1.412702e+00
2.143750e+00 1.333747e+00
2.161250e+00 1.230313e+00
2.178750e+00 1.123506e+00
2.196250e+00 1.015871e+00
2.213750e+00 9.234658e-01
2.231250e+00 8.467170e-01
2.248750e+00 7.828179e-01
2.266250e+00 7.396066e-01
2.283750e+00 7.053670e-01
2.301250e+00 6.882734e-01
2.318750e+00 6.791012e-01
2.336250e+00 6.775932e-01
2.353750e+00 6.838774e-01
2.371250e+00 6.986310e-01
2.388750e+00 7.131363e-01
2.406250e+00 7.395136e-01
2.423750e+00 7.586190e-01
2.441250e+00 7.877100e-01
2.458750e+00 8.146788e-01
2.476250e+00 8.429747e-01
2.493750e+00 8.700532e-01
2.511250e+00 8.996804e-01
2.528750e+00 9.286234e-01
2.546250e+00 9.564106e-01
2.563750e+00 9.834781e-01
2.581250e+00 1.005391e+00
2.598750e+00 1.030554e+00
2.616250e+00 1.054379e+00
2.633750e+00 1.076105e+00
2.651250e+00 1.098337e+00
2.668750e+00 1.115369e+00
2.686250e+00 1.129173e+00
2.703750e+00 1.138901e+00
2.721250e+00 1.147680e+00
2.738750e+00 1.152428e+00
2.756250e+00 1.147277e+00
2.773750e+00 1.143090e+00
2.791250e+00 1.135683e+00
2.808750e+00 1.129000e+00
2.826250e+00 1.117758e+00
2.843750e+00 1.106401e+00
2.861250e+00 1.092899e+00
2.878750e+00 1.087929e+00
2.896250e+00 1.070676e+00
2.913750e+00 1.058366e+00
2.931250e+00 1.042277e+00
2.948750e+00 1.027455e+00
2.966250e+00 1.016481e+00
2.983750e+00 1.006116e+00
3.001250e+00 9.955776e-01
3.018750e+00 9.922851e-01
3.036250e+00 9.923618e-01
3.053750e+00 9.900855e-01
3.071250e+00 9.904197e-01
3.088750e+00 9.946542e-01
3.106250e+00 9.936053e-01
3.123750e+00 9.932616e-01
3.141250e+00 9.882239e-01
3.158750e+00 9.791642e-01
3.176250e+00 9.709249e-01
3.193750e+00 9.522282e-01
3.211250e+00 9.391716e-01
3.228750e+00 9.254996e-01
3.246250e+00 9.126194e-01
3.263750e+00 9.053665e-01
3.281250e+00 9.008657e-01
3.298750e+00 8.986290e-01
3.316250e+00 9.006284e-01
3.333750e+00 9.019929e-01
3.351250e+00 9.133236e-01
3.368750e+00 9.193471e-01
3.386250e+00 9.311721e-01
3.403750e+00 9.436147e-01
3.421250e+00 9.555613e-01
3.438750e+00 9.691344e-01
3.456250e+00 9.855297e-01
3.473750e+00 9.991410e-01
3.491250e+00 1.011750e+00
