# r          g(r)
2.625000e-02 0.000000e+00
4.375000e-02 0.000000e+00
6.125000e-02 0.000000e+00
7.875000e-02 0.000000e+00
9.625000e-02 0.000000e+00
1.137500e-01 0.000000e+00
1.312500e-01 0.000000e+00
1.487500e-01 0.000000e+00
1.662500e-01 0.000000e+00
1.837500e-01 0.000000e+00
2.012500e-01 0.000000e+00
2.187500e-01 0.000000e+00
2.362500e-01 0.000000e+00
2.537500e-01 0.000000e+00
2.712500e-01 0.000000e+00
2.887500e-01 0.000000e+00
3.062500e-01 0.000000e+00
3.237500e-01 0.000000e+00
3.412500e-01 0.000000e+00
3.587500e-01 0.000000e+00
3.762500e-01 0.000000e+00
3.937500e-01 0.000000e+00
4.112500e-01 0.000000e+00
4.287500e-01 0.000000e+00
4.462500e-01 0.000000e+00
4.637500e-01 0.000000e+00
4.812500e-01 0.000000e+00
4.987500e-01 0.000000e+00
5.162500e-01 0.000000e+00
5.337500e-01 0.000000e+00
5.512500e-01 0.000000e+00
5.687500e-01 0.000000e+00
5.862500e-01 0.000000e+00
6.037500e-01 0.000000e+00
6.212500e-01 0.000000e+00
6.387500e-01 0.000000e+00
6.562500e-01 0.000000e+00
6.737500e-01 0.000000e+00
6.912500e-01 0.000000e+00
7.087500e-01 0.000000e+00
7.262501e-01 0.000000e+00
7.437500e-01 0.000000e+00
7.612500e-01 0.000000e+00
7.787500e-01 0.000000e+00
7.962500e-01 0.000000e+00
8.137500e-01 0.000000e+00
8.312500e-01 0.000000e+00
8.487500e-01 0.000000e+00
8.662500e-01 3.029848e-03
8.837500e-01 7.132069e-02
9.012500e-01 3.886072e-01
9.187500e-01 9.593294e-01
9.362500e-01 1.391108e+00
9.537500e-01 1.481747e+00
9.712500e-01 1.359333e+00
9.887500e-01 1.163585e+00
1.006250e+00 9.288610e-01
1.023750e+00 7.592599e-01
1.041250e+00 6.804842e-01
1.058750e+00 6.128731e-01
1.076250e+00 5.646442e-01
1.093750e+00 5.217000e-01
1.111250e+00 5.281029e-01
1.128750e+00 5.579534e-01
1.146250e+00 5.811398e-01
1.163750e+00 6.345775e-01
1.181250e+00 6.808217e-01
1.198750e+00 7.383556e-01
1.216250e+00 8.161364e-01
1.233750e+00 9.206153e-01
1.251250e+00 1.075109e+00
1.268750e+00 1.149708e+00
1.286250e+00 1.202926e+00
1.303750e+00 1.316644e+00
1.321250e+00 1.385536e+00
1.338750e+00 1.393117e+00
1.356250e+00 1.425371e+00
1.373750e+00 1.503536e+00
1.391250e+00 1.546423e+00
1.408750e+00 1.587669e+00
1.426250e+00 1.598308e+00
1.443750e+00 1.535986e+00
1.461250e+00 1.427361e+00
1.478750e+00 1.236785e+00
1.496250e+00 1.107137e+00
1.513750e+00 9.953617e-01
1.531250e+00 9.434927e-01
1.548750e+00 8.935370e-01
1.566250e+00 9.203292e-01
1.583750e+00 9.473989e-01
1.601250e+00 9.941857e-01
1.618750e+00 1.089220e+00
1.636250e+00 1.193018e+00
1.653750e+00 1.265989e+00
1.671250e+00 1.419642e+00
1.688750e+00 1.586112e+00
1.706250e+00 1.739866e+00
1.723750e+00 1.833913e+00
1.741250e+00 1.848218e+00
1.758750e+00 1.685443e+00
1.776250e+00 1.443419e+00
1.793750e+00 1.161941e+00
1.811250e+00 9.363031e-01
1.828750e+00 7.740055e-01
1.846250e+00 6.440056e-01
1.863750e+00 5.657487e-01
1.881250e+00 5.301141e-01
1.898750e+00 5.024118e-01
1.916250e+00 5.057660e-01
1.933750e+00 5.157022e-01
1.951250e+00 5.181362e-01
1.968750e+00 5.569751e-01
1.986250e+00 5.555556e-01
2.003750e+00 5.872321e-01
2.021250e+00 6.091131e-01
2.038750e+00 6.279615e-01
2.056250e+00 6.463533e-01
2.073750e+00 7.034329e-01
2.091250e+00 7.229039e-01
2.108750e+00 7.486942e-01
2.126250e+00 7.918369e-01
2.143750e+00 8.262902e-01
2.161250e+00 8.643069e-01
2.178750e+00 9.003012e-01
2.196250e+00 9.510586e-01
2.213750e+00 9.974638e-01
2.231250e+00 1.043015e+00
2.248750e+00 1.081993e+00
2.266250e+00 1.110563e+00
2.283750e+00 1.165409e+00
2.301250e+00 1.191540e+00
2.318750e+00 1.195388e+00
2.336250e+00 1.223795e+00
2.353750e+00 1.252186e+00
2.371250e+00 1.251004e+00
2.388750e+00 1.234748e+00
2.406250e+00 1.250658e+00
2.423750e+00 1.228968e+00
2.441250e+00 1.236390e+00
2.458750e+00 1.193270e+00
2.476250e+00 1.177649e+00
2.493750e+00 1.159327e+00
2.511250e+00 1.130502e+00
2.528750e+00 1.118055e+00
2.546250e+00 1.086943e+00
2.563750e+00 1.069281e+00
2.581250e+00 1.048179e+00
2.598750e+00 1.028769e+00
2.616250e+00 1.026080e+00
2.633750e+00 1.029260e+00
2.651250e+00 1.006272e+00
2.668750e+00 1.017446e+00
2.686250e+00 1.008278e+00
2.703750e+00 1.010983e+00
2.721250e+00 1.009249e+00
2.738750e+00 1.019546e+00
2.756250e+00 9.960606e-01
2.773750e+00 9.773877e-01
2.791250e+00 9.385595e-01
2.808750e+00 9.231473e-01
2.826250e+00 8.908430e-01
2.843750e+00 8.689404e-01
2.861250e+00 8.345950e-01
2.878750e+00 8.304686e-01
2.896250e+00 8.141935e-01
2.913750e+00 8.142128e-01
2.931250e+00 8.191567e-01
2.948750e+00 8.350526e-01
2.966250e+00 8.377619e-01
2.983750e+00 8.584295e-01
3.001250e+00 8.917053e-01
3.018750e+00 8.907105e-01
3.036250e+00 9.182360e-01
3.053750e+00 9.328635e-01
3.071250e+00 9.656916e-01
3.088750e+00 9.672019e-01
3.106250e+00 1.000650e+00
3.123750e+00 1.017465e+00
3.141250e+00 1.035411e+00
3.158750e+00 1.040584e+00
3.176250e+00 1.053450e+00
3.193750e+00 1.071153e+00
3.211250e+00 1.089736e+00
3.228750e+00 1.070722e+00
3.246250e+00 1.090942e+00
3.263750e+00 1.089050e+00
3.281250e+00 1.098183e+00
3.298750e+00 1.096644e+00
3.316250e+00 1.101405e+00
3.333750e+00 1.084645e+00
3.351250e+00 1.088280e+00
3.368750e+00 1.082804e+00
3.386250e+00 1.071617e+00
3.403750e+00 1.064161e+00
3.421250e+00 1.065240e+00
3.438750e+00 1.054433e+00
3.456250e+00 1.034676e+00
3.473750e+00 1.040092e+00
3.491250e+00 1.026256e+00
