# r          g(r)
2.625000e-02 0.000000e+00
4.375000e-02 0.000000e+00
6.125000e-02 0.000000e+00
7.875000e-02 0.000000e+00
9.625000e-02 0.000000e+00
1.137500e-01 0.000000e+00
1.312500e-01 0.000000e+00
1.487500e-01 0.000000e+00
1.662500e-01 0.000000e+00
1.837500e-01 0.000000e+00
2.012500e-01 0.000000e+00
2.187500e-01 0.000000e+00
2.362500e-01 0.000000e+00
2.537500e-01 0.000000e+00
2.712500e-01 0.000000e+00
2.887500e-01 0.000000e+00
3.062500e-01 0.000000e+00
3.237500e-01 0.000000e+00
3.412500e-01 0.000000e+00
3.587500e-01 0.000000e+00
3.762500e-01 0.000000e+00
3.937500e-01 0.000000e+00
4.112500e-01 0.000000e+00
4.287500e-01 0.000000e+00
4.462500e-01 0.000000e+00
4.637500e-01 0.000000e+00
4.812500e-01 0.000000e+00
4.987500e-01 0.000000e+00
5.162500e-01 0.000000e+00
5.337500e-01 0.000000e+00
5.512500e-01 0.000000e+00
5.687500e-01 0.000000e+00
5.862500e-01 0.000000e+00
6.037500e-01 0.000000e+00
6.212500e-01 0.000000e+00
6.387500e-01 0.000000e+00
6.562500e-01 0.000000e+00
6.737500e-01 1.565132e-03
6.912500e-01 1.040822e-02
7.087500e-01 3.677367e-02
7.262501e-01 1.266212e-01
7.437500e-01 2.521698e-01
7.612500e-01 4.139866e-01
7.787500e-01 5.619482e-01
7.962500e-01 7.205550e-01
8.137500e-01 8.540579e-01
8.312500e-01 9.408317e-01
8.487500e-01 9.668792e-01
8.662500e-01 1.042457e+00
8.837500e-01 1.058591e+00
9.012500e-01 1.013796e+00
9.187500e-01 9.996755e-01
9.362500e-01 9.848098e-01
9.537500e-01 9.599382e-01
9.712500e-01 9.407176e-01
9.887500e-01 9.203154e-01
1.006250e+00 8.951328e-01
1.023750e+00 8.867071e-01
1.041250e+00 8.521344e-01
1.058750e+00 8.284182e-01
1.076250e+00 8.260293e-01
1.093750e+00 8.176311e-01
1.111250e+00 8.246815e-01
1.128750e+00 8.009799e-01
1.146250e+00 8.140283e-01
1.163750e+00 8.170046e-01
1.181250e+00 8.294715e-01
1.198750e+00 8.133450e-01
1.216250e+00 8.462996e-01
1.233750e+00 8.529633e-01
1.251250e+00 8.617872e-01
1.268750e+00 8.528941e-01
1.286250e+00 9.124441e-01
1.303750e+00 8.957736e-01
1.321250e+00 9.352860e-01
1.338750e+00 9.490595e-01
1.356250e+00 9.657924e-01
1.373750e+00 9.821274e-01
1.391250e+00 1.014846e+00
1.408750e+00 1.028572e+00
1.426250e+00 1.039226e+00
1.443750e+00 1.077477e+00
1.461250e+00 1.068458e+00
1.478750e+00 1.104195e+00
1.496250e+00 1.132357e+00
1.513750e+00 1.150665e+00
1.531250e+00 1.144215e+00
1.548750e+00 1.156515e+00
1.566250e+00 1.152246e+00
1.583750e+00 1.159793e+00
1.601250e+00 1.154612e+00
1.618750e+00 1.167473e+00
1.636250e+00 1.135925e+00
1.653750e+00 1.157984e+00
1.671250e+00 1.124612e+00
1.688750e+00 1.102270e+00
1.706250e+00 1.107266e+00
1.723750e+00 1.085379e+00
1.741250e+00 1.069602e+00
1.758750e+00 1.064274e+00
1.776250e+00 1.023142e+00
1.793750e+00 1.017920e+00
1.811250e+00 9.997889e-01
1.828750e+00 9.990206e-01
1.846250e+00 9.830868e-01
1.863750e+00 9.620510e-01
1.881250e+00 9.445101e-01
1.898750e+00 9.553576e-01
1.916250e+00 9.477307e-01
1.933750e+00 9.487010e-01
1.951250e+00 9.113539e-01
1.968750e+00 9.226092e-01
1.986250e+00 9.274868e-01
2.003750e+00 9.090561e-01
2.021250e+00 9.270146e-01
2.038750e+00 9.138968e-01
2.056250e+00 9.278669e-01
2.073750e+00 9.187783e-01
2.091250e+00 9.381267e-01
2.108750e+00 9.271867e-01
2.126250e+00 9.412859e-01
2.143750e+00 9.403061e-01
2.161250e+00 9.628031e-01
2.178750e+00 9.412231e-01
2.196250e+00 9.568231e-01
2.213750e+00 9.654715e-01
2.231250e+00 9.670990e-01
2.248750e+00 9.891949e-01
2.266250e+00 9.941168e-01
2.283750e+00 1.001388e+00
2.301250e+00 9.991815e-01
2.318750e+00 1.018945e+00
2.336250e+00 1.027221e+00
2.353750e+00 1.022484e+00
2.371250e+00 1.020320e+00
2.388750e+00 1.039015e+00
2.406250e+00 1.035371e+00
2.423750e+00 1.037431e+00
2.441250e+00 1.026583e+00
2.458750e+00 1.040534e+00
2.476250e+00 1.038616e+00
2.493750e+00 1.036370e+00
2.511250e+00 1.029314e+00
2.528750e+00 1.048491e+00
2.546250e+00 1.018261e+00
2.563750e+00 1.032052e+00
2.581250e+00 1.025146e+00
2.598750e+00 1.028699e+00
2.616250e+00 1.026897e+00
2.633750e+00 1.014763e+00
2.651250e+00 1.015551e+00
2.668750e+00 1.003885e+00
2.686250e+00 1.014088e+00
2.703750e+00 1.007594e+00
2.721250e+00 1.002660e+00
2.738750e+00 9.910148e-01
2.756250e+00 9.938346e-01
2.773750e+00 9.891039e-01
2.791250e+00 9.939091e-01
2.808750e+00 9.807750e-01
2.826250e+00 9.765389e-01
2.843750e+00 9.705527e-01
2.861250e+00 9.793103e-01
2.878750e+00 9.724695e-01
2.896250e+00 9.736114e-01
2.913750e+00 9.796598e-01
2.931250e+00 9.759020e-01
2.948750e+00 9.847092e-01
2.966250e+00 9.695990e-01
2.983750e+00 9.798751e-01
3.001250e+00 9.854257e-01
3.018750e+00 9.884309e-01
3.036250e+00 9.870504e-01
3.053750e+00 9.749920e-01
3.071250e+00 9.789916e-01
3.088750e+00 9.980316e-01
3.106250e+00 9.875817e-01
3.123750e+00 1.001640e+00
3.141250e+00 9.984917e-01
3.158750e+00 9.932437e-01
3.176250e+00 1.004136e+00
3.193750e+00 1.009512e+00
3.211250e+00 1.007583e+00
3.228750e+00 1.003938e+00
3.246250e+00 1.008026e+00
3.263750e+00 1.007611e+00
3.281250e+00 1.016106e+00
3.298750e+00 1.012738e+00
3.316250e+00 1.008452e+00
3.333750e+00 1.002657e+00
3.351250e+00 1.015797e+00
3.368750e+00 1.005816e+00
3.386250e+00 1.001863e+00
3.403750e+00 1.001913e+00
3.421250e+00 1.005056e+00
3.438750e+00 1.005355e+00
3.456250e+00 1.006261e+00
3.473750e+00 1.001023e+00
3.491250e+00 1.005037e+00
