# r          g(r)
2.625000e-02 0.000000e+00
4.375000e-02 0.000000e+00
6.125000e-02 0.000000e+00
7.875000e-02 0.000000e+00
9.625000e-02 0.000000e+00
1.137500e-01 0.000000e+00
1.312500e-01 0.000000e+00
1.487500e-01 0.000000e+00
1.662500e-01 0.000000e+00
1.837500e-01 0.000000e+00
2.012500e-01 0.000000e+00
2.187500e-01 0.000000e+00
2.362500e-01 0.000000e+00
2.537500e-01 0.000000e+00
2.712500e-01 0.000000e+00
2.887500e-01 0.000000e+00
3.062500e-01 0.000000e+00
3.237500e-01 0.000000e+00
3.412500e-01 0.000000e+00
3.587500e-01 0.000000e+00
3.762500e-01 0.000000e+00
3.937500e-01 0.000000e+00
4.112500e-01 0.000000e+00
4.287500e-01 0.000000e+00
4.462500e-01 0.000000e+00
4.637500e-01 0.000000e+00
4.812500e-01 0.000000e+00
4.987500e-01 0.000000e+00
5.162500e-01 0.000000e+00
5.337500e-01 0.000000e+00
5.512500e-01 0.000000e+00
5.687500e-01 0.000000e+00
5.862500e-01 0.000000e+00
6.037500e-01 0.000000e+00
6.212500e-01 0.000000e+00
6.387500e-01 0.000000e+00
6.562500e-01 0.000000e+00
6.737500e-01 0.000000e+00
6.912500e-01 0.000000e+00
7.087500e-01 0.000000e+00
7.262501e-01 0.000000e+00
7.437500e-01 0.000000e+00
7.612500e-01 0.000000e+00
7.787500e-01 0.000000e+00
7.962500e-01 0.000000e+00
8.137500e-01 0.000000e+00
8.312500e-01 0.000000e+00
8.487500e-01 0.000000e+00
8.662500e-01 0.000000e+00
8.837500e-01 0.000000e+00
9.012500e-01 0.000000e+00
9.187500e-01 0.000000e+00
9.362500e-01 0.000000e+00
9.537500e-01 0.000000e+00
9.712500e-01 0.000000e+00
9.887500e-01 1.938016e-04
1.006250e+00 3.786830e-02
1.023750e+00 7.060665e-01
1.041250e+00 3.333744e+00
1.058750e+00 6.381714e+00
1.076250e+00 7.175516e+00
1.093750e+00 6.067673e+00
1.111250e+00 4.453481e+00
1.128750e+00 3.096673e+00
1.146250e+00 2.179815e+00
1.163750e+00 1.560458e+00
1.181250e+00 1.165283e+00
1.198750e+00 9.103035e-01
1.216250e+00 7.390792e-01
1.233750e+00 6.178149e-01
1.251250e+00 5.391124e-01
1.268750e+00 4.850476e-01
1.286250e+00 4.453139e-01
1.303750e+00 4.228347e-01
1.321250e+00 4.028893e-01
1.338750e+00 3.893100e-01
1.356250e+00 3.798148e-01
1.373750e+00 3.786072e-01
1.391250e+00 3.734767e-01
1.408750e+00 3.776083e-01
1.426250e+00 3.828464e-01
1.443750e+00 3.936772e-01
1.461250e+00 4.015284e-01
1.478750e+00 4.196048e-01
1.496250e+00 4.560000e-01
1.513750e+00 5.149723e-01
1.531250e+00 5.451487e-01
1.548750e+00 5.728961e-01
1.566250e+00 5.951902e-01
1.583750e+00 6.232366e-01
1.601250e+00 6.549144e-01
1.618750e+00 7.060695e-01
1.636250e+00 7.842581e-01
1.653750e+00 8.996979e-01
1.671250e+00 1.018121e+00
1.688750e+00 1.108589e+00
1.706250e+00 1.155149e+00
1.723750e+00 1.135546e+00
1.741250e+00 1.106980e+00
1.758750e+00 1.071709e+00
1.776250e+00 1.069150e+00
1.793750e+00 1.085661e+00
1.811250e+00 1.121281e+00
1.828750e+00 1.172799e+00
1.846250e+00 1.222518e+00
1.863750e+00 1.255558e+00
1.881250e+00 1.268219e+00
1.898750e+00 1.264609e+00
1.916250e+00 1.232734e+00
1.933750e+00 1.193258e+00
1.951250e+00 1.150175e+00
1.968750e+00 1.118631e+00
1.986250e+00 1.110631e+00
2.003750e+00 1.113846e+00
2.021250e+00 1.142131e+00
2.038750e+00 1.198123e+00
2.056250e+00 1.271528e+00
2.073750e+00 1.357152e+00
2.091250e+00 1.415384e+00
2.108750e+00 1.445533e+00
2.126250e+00 1.409040e+00
2.143750e+00 1.336517e+00
2.161250e+00 1.237599e+00
2.178750e+00 1.123970e+00
2.196250e+00 1.017413e+00
2.213750e+00 9.207740e-01
2.231250e+00 8.417791e-01
2.248750e+00 7.834595e-01
2.266250e+00 7.404136e-01
2.283750e+00 7.066294e-01
2.301250e+00 6.907688e-01
2.318750e+00 6.773965e-01
2.336250e+00 6.762438e-01
2.353750e+00 6.847752e-01
2.371250e+00 6.984899e-01
2.388750e+00 7.153714e-01
2.406250e+00 7.381168e-01
2.423750e+00 7.631524e-01
2.441250e+00 7.923456e-01
2.458750e+00 8.183751e-01
2.476250e+00 8.451725e-01
2.493750e+00 8.708662e-01
2.511250e+00 9.004146e-01
2.528750e+00 9.263512e-01
2.546250e+00 9.572909e-01
2.563750e+00 9.802189e-01
2.581250e+00 1.002890e+00
2.598750e+00 1.030568e+00
2.616250e+00 1.052883e+00
2.633750e+00 1.073923e+00
2.651250e+00 1.096445e+00
2.668750e+00 1.111653e+00
2.686250e+00 1.130665e+00
2.703750e+00 1.140357e+00
2.721250e+00 1.147561e+00
2.738750e+00 1.147258e+00
2.756250e+00 1.148152e+00
2.773750e+00 1.142010e+00
2.791250e+00 1.136677e+00
2.808750e+00 1.127929e+00
2.826250e+00 1.117442e+00
2.843750e+00 1.104257e+00
2.861250e+00 1.094581e+00
2.878750e+00 1.082277e+00
2.896250e+00 1.068282e+00
2.913750e+00 1.053253e+00
2.931250e+00 1.042893e+00
2.948750e+00 1.028851e+00
2.966250e+00 1.017819e+00
2.983750e+00 1.004762e+00
3.001250e+00 9.983673e-01
3.018750e+00 9.927282e-01
3.036250e+00 9.893495e-01
3.053750e+00 9.904487e-01
3.071250e+00 9.954602e-01
3.088750e+00 9.962603e-01
3.106250e+00 9.981941e-01
3.123750e+00 9.965104e-01
3.141250e+00 9.911448e-01
3.158750e+00 9.815390e-01
3.176250e+00 9.670667e-01
3.193750e+00 9.548008e-01
3.211250e+00 9.388569e-01
3.228750e+00 9.282451e-01
3.246250e+00 9.136094e-01
3.263750e+00 9.070674e-01
3.281250e+00 8.988475e-01
3.298750e+00 8.979281e-01
3.316250e+00 9.009008e-01
3.333750e+00 9.037818e-01
3.351250e+00 9.085039e-01
3.368750e+00 9.233270e-01
3.386250e+00 9.307187e-01
3.403750e+00 9.431885e-01
3.421250e+00 9.568927e-01
3.438750e+00 9.715129e-01
3.456250e+00 9.830048e-01
3.473750e+00 9.952990e-01
3.491250e+00 1.010660e+00
