# r          g(r)
2.625000e-02 0.000000e+00
4.375000e-02 0.000000e+00
6.125000e-02 0.000000e+00
7.875000e-02 0.000000e+00
9.625000e-02 0.000000e+00
1.137500e-01 0.000000e+00
1.312500e-01 0.000000e+00
1.487500e-01 0.000000e+00
1.662500e-01 0.000000e+00
1.837500e-01 0.000000e+00
2.012500e-01 0.000000e+00
2.187500e-01 0.000000e+00
2.362500e-01 0.000000e+00
2.537500e-01 0.000000e+00
2.712500e-01 0.000000e+00
2.887500e-01 0.000000e+00
3.062500e-01 0.000000e+00
3.237500e-01 0.000000e+00
3.412500e-01 0.000000e+00
3.587500e-01 0.000000e+00
3.762500e-01 0.000000e+00
3.937500e-01 0.000000e+00
4.112500e-01 0.000000e+00
4.287500e-01 0.000000e+00
4.462500e-01 0.000000e+00
4.637500e-01 0.000000e+00
4.812500e-01 0.000000e+00
4.987500e-01 0.000000e+00
5.162500e-01 0.000000e+00
5.337500e-01 0.000000e+00
5.512500e-01 0.000000e+00
5.687500e-01 0.000000e+00
5.862500e-01 0.000000e+00
6.037500e-01 0.000000e+00
6.212500e-01 0.000000e+00
6.387500e-01 0.000000e+00
6.562500e-01 0.000000e+00
6.737500e-01 0.000000e+00
6.912500e-01 0.000000e+00
7.087500e-01 9.429145e-04
7.262501e-01 1.796046e-03
7.437500e-01 1.198770e-02
7.612500e-01 4.005004e-02
7.787500e-01 1.202780e-01
7.962500e-01 2.461616e-01
8.137500e-01 3.812503e-01
8.312500e-01 5.291964e-01
8.487500e-01 6.289154e-01
8.662500e-01 7.511498e-01
8.837500e-01 8.311651e-01
9.012500e-01 8.397276e-01
9.187500e-01 8.779076e-01
9.362500e-01 8.748462e-01
9.537500e-01 8.472034e-01
9.712500e-01 8.465705e-01
9.887500e-01 8.563609e-01
1.006250e+00 8.322139e-01
1.023750e+00 8.078435e-01
1.041250e+00 7.614818e-01
1.058750e+00 7.806695e-01
1.076250e+00 7.518094e-01
1.093750e+00 7.623964e-01
1.111250e+00 7.495012e-01
1.128750e+00 7.693794e-01
1.146250e+00 7.624756e-01
1.163750e+00 8.012661e-01
1.181250e+00 7.773643e-01
1.198750e+00 8.014785e-01
1.216250e+00 8.224443e-01
1.233750e+00 8.440945e-01
1.251250e+00 8.596694e-01
1.268750e+00 8.862918e-01
1.286250e+00 9.168817e-01
1.303750e+00 9.459337e-01
1.321250e+00 9.553646e-01
1.338750e+00 9.846064e-01
1.356250e+00 1.011629e+00
1.373750e+00 1.055291e+00
1.391250e+00 1.061832e+00
1.408750e+00 1.074039e+00
1.426250e+00 1.085215e+00
1.443750e+00 1.117812e+00
1.461250e+00 1.136228e+00
1.478750e+00 1.143619e+00
1.496250e+00 1.184934e+00
1.513750e+00 1.194178e+00
1.531250e+00 1.204719e+00
1.548750e+00 1.231852e+00
1.566250e+00 1.233246e+00
1.583750e+00 1.247229e+00
1.601250e+00 1.236728e+00
1.618750e+00 1.283615e+00
1.636250e+00 1.249774e+00
1.653750e+00 1.260083e+00
1.671250e+00 1.234759e+00
1.688750e+00 1.227669e+00
1.706250e+00 1.192847e+00
1.723750e+00 1.168673e+00
1.741250e+00 1.128578e+00
1.758750e+00 1.100720e+00
1.776250e+00 1.066230e+00
1.793750e+00 1.048025e+00
1.811250e+00 1.029676e+00
1.828750e+00 9.789793e-01
1.846250e+00 9.739153e-01
1.863750e+00 9.333463e-01
1.881250e+00 9.129907e-01
1.898750e+00 8.924246e-01
1.916250e+00 8.848454e-01
1.933750e+00 8.704818e-01
1.951250e+00 8.685575e-01
1.968750e+00 8.525840e-01
1.986250e+00 8.536481e-01
2.003750e+00 8.533719e-01
2.021250e+00 8.493335e-01
2.038750e+00 8.479713e-01
2.056250e+00 8.631151e-01
2.073750e+00 8.471287e-01
2.091250e+00 8.595478e-01
2.108750e+00 8.662583e-01
2.126250e+00 8.894754e-01
2.143750e+00 8.855245e-01
2.161250e+00 9.195025e-01
2.178750e+00 9.179732e-01
2.196250e+00 9.376739e-01
2.213750e+00 9.400033e-01
2.231250e+00 9.629126e-01
2.248750e+00 9.690560e-01
2.266250e+00 1.001403e+00
2.283750e+00 1.008199e+00
2.301250e+00 1.013627e+00
2.318750e+00 1.032600e+00
2.336250e+00 1.035856e+00
2.353750e+00 1.048091e+00
2.371250e+00 1.062567e+00
2.388750e+00 1.064002e+00
2.406250e+00 1.066294e+00
2.423750e+00 1.076658e+00
2.441250e+00 1.079060e+00
2.458750e+00 1.082198e+00
2.476250e+00 1.069400e+00
2.493750e+00 1.069655e+00
2.511250e+00 1.078248e+00
2.528750e+00 1.084510e+00
2.546250e+00 1.059228e+00
2.563750e+00 1.063437e+00
2.581250e+00 1.050525e+00
2.598750e+00 1.058858e+00
2.616250e+00 1.045997e+00
2.633750e+00 1.038663e+00
2.651250e+00 1.036508e+00
2.668750e+00 1.018450e+00
2.686250e+00 1.017797e+00
2.703750e+00 1.003933e+00
2.721250e+00 1.002149e+00
2.738750e+00 9.887414e-01
2.756250e+00 9.901092e-01
2.773750e+00 9.746819e-01
2.791250e+00 9.746972e-01
2.808750e+00 9.730296e-01
2.826250e+00 9.640561e-01
2.843750e+00 9.569053e-01
2.861250e+00 9.476329e-01
2.878750e+00 9.508927e-01
2.896250e+00 9.466473e-01
2.913750e+00 9.483463e-01
2.931250e+00 9.542229e-01
2.948750e+00 9.440700e-01
2.966250e+00 9.634619e-01
2.983750e+00 9.539642e-01
3.001250e+00 9.603155e-01
3.018750e+00 9.666258e-01
3.036250e+00 9.686303e-01
3.053750e+00 9.646555e-01
3.071250e+00 9.638135e-01
3.088750e+00 9.790035e-01
3.106250e+00 9.868944e-01
3.123750e+00 9.878660e-01
3.141250e+00 9.850868e-01
3.158750e+00 9.968516e-01
3.176250e+00 9.969292e-01
3.193750e+00 1.004369e+00
3.211250e+00 1.016414e+00
3.228750e+00 1.011367e+00
3.246250e+00 1.018724e+00
3.263750e+00 1.022774e+00
3.281250e+00 1.020967e+00
3.298750e+00 1.016678e+00
3.316250e+00 1.022903e+00
3.333750e+00 1.029529e+00
3.351250e+00 1.026616e+00
3.368750e+00 1.024765e+00
3.386250e+00 1.022590e+00
3.403750e+00 1.023327e+00
3.421250e+00 1.017480e+00
3.438750e+00 1.019375e+00
3.456250e+00 1.016818e+00
3.473750e+00 1.013182e+00
3.491250e+00 1.014889e+00
