# r          g(r)
2.625000e-02 0.000000e+00
4.375000e-02 0.000000e+00
6.125000e-02 0.000000e+00
7.875000e-02 0.000000e+00
9.625000e-02 0.000000e+00
1.137500e-01 0.000000e+00
1.312500e-01 0.000000e+00
1.487500e-01 0.000000e+00
1.662500e-01 0.000000e+00
1.837500e-01 0.000000e+00
2.012500e-01 0.000000e+00
2.187500e-01 0.000000e+00
2.362500e-01 0.000000e+00
2.537500e-01 0.000000e+00
2.712500e-01 0.000000e+00
2.887500e-01 0.000000e+00
3.062500e-01 0.000000e+00
3.237500e-01 0.000000e+00
3.412500e-01 0.000000e+00
3.587500e-01 0.000000e+00
3.762500e-01 0.000000e+00
3.937500e-01 0.000000e+00
4.112500e-01 0.000000e+00
4.287500e-01 0.000000e+00
4.462500e-01 0.000000e+00
4.637500e-01 0.000000e+00
4.812500e-01 0.000000e+00
4.987500e-01 0.000000e+00
5.162500e-01 0.000000e+00
5.337500e-01 0.000000e+00
5.512500e-01 0.000000e+00
5.687500e-01 0.000000e+00
5.862500e-01 0.000000e+00
6.037500e-01 0.000000e+00
6.212500e-01 0.000000e+00
6.387500e-01 0.000000e+00
6.562500e-01 0.000000e+00
6.737500e-01 0.000000e+00
6.912500e-01 0.000000e+00
7.087500e-01 0.000000e+00
7.262501e-01 0.000000e+00
7.437500e-01 0.000000e+00
7.612500e-01 0.000000e+00
7.787500e-01 0.000000e+00
7.962500e-01 0.000000e+00
8.137500e-01 0.000000e+00
8.312500e-01 0.000000e+00
8.487500e-01 0.000000e+00
8.662500e-01 0.000000e+00
8.837500e-01 0.000000e+00
9.012500e-01 0.000000e+00
9.187500e-01 0.000000e+00
9.362500e-01 0.000000e+00
9.537500e-01 0.000000e+00
9.712500e-01 0.000000e+00
9.887500e-01 2.664772e-04
1.006250e+00 3.066420e-02
1.023750e+00 6.331685e-01
1.041250e+00 3.157004e+00
1.058750e+00 6.262850e+00
1.076250e+00 7.202342e+00
1.093750e+00 6.150565e+00
1.111250e+00 4.545203e+00
1.128750e+00 3.204979e+00
1.146250e+00 2.242453e+00
1.163750e+00 1.605295e+00
1.181250e+00 1.198040e+00
1.198750e+00 9.302622e-01
1.216250e+00 7.454032e-01
1.233750e+00 6.315694e-01
1.251250e+00 5.523939e-01
1.268750e+00 4.903442e-01
1.286250e+00 4.482056e-01
1.303750e+00 4.195464e-01
1.321250e+00 4.012884e-01
1.338750e+00 3.840110e-01
1.356250e+00 3.726303e-01
1.373750e+00 3.658192e-01
1.391250e+00 3.639571e-01
1.408750e+00 3.647080e-01
1.426250e+00 3.659180e-01
1.443750e+00 3.780428e-01
1.461250e+00 3.842033e-01
1.478750e+00 4.021348e-01
1.496250e+00 4.367995e-01
1.513750e+00 4.929264e-01
1.531250e+00 5.200028e-01
1.548750e+00 5.510306e-01
1.566250e+00 5.777835e-01
1.583750e+00 6.082234e-01
1.601250e+00 6.373736e-01
1.618750e+00 6.857514e-01
1.636250e+00 7.727140e-01
1.653750e+00 8.812439e-01
1.671250e+00 1.001730e+00
1.688750e+00 1.112733e+00
1.706250e+00 1.149878e+00
1.723750e+00 1.151998e+00
1.741250e+00 1.121665e+00
1.758750e+00 1.094939e+00
1.776250e+00 1.085349e+00
1.793750e+00 1.104711e+00
1.811250e+00 1.139401e+00
1.828750e+00 1.192462e+00
1.846250e+00 1.241803e+00
1.863750e+00 1.279961e+00
1.881250e+00 1.293441e+00
1.898750e+00 1.286822e+00
1.916250e+00 1.259226e+00
1.933750e+00 1.209143e+00
1.951250e+00 1.162099e+00
1.968750e+00 1.132831e+00
1.986250e+00 1.109556e+00
2.003750e+00 1.103538e+00
2.021250e+00 1.132122e+00
2.038750e+00 1.177849e+00
2.056250e+00 1.254931e+00
2.073750e+00 1.332862e+00
2.091250e+00 1.407166e+00
2.108750e+00 1.435400e+00
2.126250e+00 1.412856e+00
2.143750e+00 1.354575e+00
2.161250e+00 1.252415e+00
2.178750e+00 1.139581e+00
2.196250e+00 1.031859e+00
2.213750e+00 9.329644e-01
2.231250e+00 8.508772e-01
2.248750e+00 7.897962e-01
2.266250e+00 7.359452e-01
2.283750e+00 7.027264e-01
2.301250e+00 6.743156e-01
2.318750e+00 6.677849e-01
2.336250e+00 6.634236e-01
2.353750e+00 6.698961e-01
2.371250e+00 6.798517e-01
2.388750e+00 6.946288e-01
2.406250e+00 7.194276e-01
2.423750e+00 7.416503e-01
2.441250e+00 7.667829e-01
2.458750e+00 7.943367e-01
2.476250e+00 8.273028e-01
2.493750e+00 8.595288e-01
2.511250e+00 8.916943e-01
2.528750e+00 9.200473e-01
2.546250e+00 9.517002e-01
2.563750e+00 9.795055e-01
2.581250e+00 1.006679e+00
2.598750e+00 1.031413e+00
2.616250e+00 1.060934e+00
2.633750e+00 1.082418e+00
2.651250e+00 1.105746e+00
2.668750e+00 1.124590e+00
2.686250e+00 1.140784e+00
2.703750e+00 1.153130e+00
2.721250e+00 1.163951e+00
2.738750e+00 1.165977e+00
2.756250e+00 1.162567e+00
2.773750e+00 1.159247e+00
2.791250e+00 1.152536e+00
2.808750e+00 1.142902e+00
2.826250e+00 1.129061e+00
2.843750e+00 1.117989e+00
2.861250e+00 1.106956e+00
2.878750e+00 1.095310e+00
2.896250e+00 1.082258e+00
2.913750e+00 1.062513e+00
2.931250e+00 1.045154e+00
2.948750e+00 1.030311e+00
2.966250e+00 1.019185e+00
2.983750e+00 1.002566e+00
3.001250e+00 9.930705e-01
3.018750e+00 9.851237e-01
3.036250e+00 9.812315e-01
3.053750e+00 9.808842e-01
3.071250e+00 9.858650e-01
3.088750e+00 9.835861e-01
3.106250e+00 9.894815e-01
3.123750e+00 9.868284e-01
3.141250e+00 9.824298e-01
3.158750e+00 9.726104e-01
3.176250e+00 9.656863e-01
3.193750e+00 9.485283e-01
3.211250e+00 9.335412e-01
3.228750e+00 9.199471e-01
3.246250e+00 9.113373e-01
3.263750e+00 8.999436e-01
3.281250e+00 8.917180e-01
3.298750e+00 8.895195e-01
3.316250e+00 8.901621e-01
3.333750e+00 8.958747e-01
3.351250e+00 9.031414e-01
3.368750e+00 9.121595e-01
3.386250e+00 9.255716e-01
3.403750e+00 9.382178e-01
3.421250e+00 9.516441e-01
3.438750e+00 9.676774e-01
3.456250e+00 9.814672e-01
3.473750e+00 1.000538e+00
3.491250e+00 1.010454e+00
