# r          g(r)
2.625000e-02 0.000000e+00
4.375000e-02 0.000000e+00
6.125000e-02 0.000000e+00
7.875000e-02 0.000000e+00
9.625000e-02 0.000000e+00
1.137500e-01 0.000000e+00
1.312500e-01 0.000000e+00
1.487500e-01 0.000000e+00
1.662500e-01 0.000000e+00
1.837500e-01 0.000000e+00
2.012500e-01 0.000000e+00
2.187500e-01 0.000000e+00
2.362500e-01 0.000000e+00
2.537500e-01 0.000000e+00
2.712500e-01 0.000000e+00
2.887500e-01 0.000000e+00
3.062500e-01 0.000000e+00
3.237500e-01 0.000000e+00
3.412500e-01 0.000000e+00
3.587500e-01 0.000000e+00
3.762500e-01 0.000000e+00
3.937500e-01 0.000000e+00
4.112500e-01 0.000000e+00
4.287500e-01 0.000000e+00
4.462500e-01 0.000000e+00
4.637500e-01 0.000000e+00
4.812500e-01 0.000000e+00
4.987500e-01 0.000000e+00
5.162500e-01 0.000000e+00
5.337500e-01 0.000000e+00
5.512500e-01 0.000000e+00
5.687500e-01 0.000000e+00
5.862500e-01 0.000000e+00
6.037500e-01 0.000000e+00
6.212500e-01 0.000000e+00
6.387500e-01 0.000000e+00
6.562500e-01 0.000000e+00
6.737500e-01 0.000000e+00
6.912500e-01 0.000000e+00
7.087500e-01 0.000000e+00
7.262501e-01 0.000000e+00
7.437500e-01 0.000000e+00
7.612500e-01 0.000000e+00
7.787500e-01 0.000000e+00
7.962500e-01 0.000000e+00
8.137500e-01 0.000000e+00
8.312500e-01 0.000000e+00
8.487500e-01 0.000000e+00
8.662500e-01 0.000000e+00
8.837500e-01 0.000000e+00
9.012500e-01 3.644651e-05
9.187500e-01 1.332714e-03
9.362500e-01 1.766308e-02
9.537500e-01 1.154848e-01
9.712500e-01 4.379408e-01
9.887500e-01 1.108909e+00
1.006250e+00 2.068708e+00
1.023750e+00 3.043621e+00
1.041250e+00 3.766015e+00
1.058750e+00 4.091002e+00
1.076250e+00 4.029270e+00
1.093750e+00 3.714900e+00
1.111250e+00 3.269107e+00
1.128750e+00 2.809413e+00
1.146250e+00 2.357275e+00
1.163750e+00 1.962671e+00
1.181250e+00 1.617550e+00
1.198750e+00 1.345058e+00
1.216250e+00 1.126188e+00
1.233750e+00 9.500147e-01
1.251250e+00 8.126149e-01
1.268750e+00 7.030914e-01
1.286250e+00 6.119345e-01
1.303750e+00 5.473882e-01
1.321250e+00 4.950477e-01
1.338750e+00 4.539401e-01
1.356250e+00 4.249403e-01
1.373750e+00 4.009030e-01
1.391250e+00 3.880619e-01
1.408750e+00 3.758392e-01
1.426250e+00 3.753965e-01
1.443750e+00 3.796747e-01
1.461250e+00 3.852750e-01
1.478750e+00 4.034995e-01
1.496250e+00 4.250305e-01
1.513750e+00 4.516990e-01
1.531250e+00 4.808787e-01
1.548750e+00 5.195795e-01
1.566250e+00 5.646915e-01
1.583750e+00 6.179667e-01
1.601250e+00 6.756271e-01
1.618750e+00 7.465892e-01
1.636250e+00 8.117219e-01
1.653750e+00 8.833721e-01
1.671250e+00 9.438756e-01
1.688750e+00 9.971593e-01
1.706250e+00 1.045078e+00
1.723750e+00 1.084462e+00
1.741250e+00 1.121860e+00
1.758750e+00 1.151976e+00
1.776250e+00 1.181188e+00
1.793750e+00 1.201405e+00
1.811250e+00 1.221437e+00
1.828750e+00 1.239955e+00
1.846250e+00 1.246880e+00
1.863750e+00 1.254928e+00
1.881250e+00 1.250490e+00
1.898750e+00 1.242054e+00
1.916250e+00 1.227748e+00
1.933750e+00 1.210921e+00
1.951250e+00 1.200335e+00
1.968750e+00 1.190940e+00
1.986250e+00 1.193289e+00
2.003750e+00 1.201243e+00
2.021250e+00 1.221527e+00
2.038750e+00 1.238366e+00
2.056250e+00 1.253310e+00
2.073750e+00 1.263382e+00
2.091250e+00 1.264652e+00
2.108750e+00 1.241105e+00
2.126250e+00 1.215064e+00
2.143750e+00 1.177386e+00
2.161250e+00 1.127915e+00
2.178750e+00 1.071136e+00
2.196250e+00 1.019178e+00
2.213750e+00 9.598566e-01
2.231250e+00 9.074075e-01
2.248750e+00 8.567713e-01
2.266250e+00 8.144323e-01
2.283750e+00 7.803715e-01
2.301250e+00 7.503323e-01
2.318750e+00 7.290284e-01
2.336250e+00 7.149658e-01
2.353750e+00 7.110360e-01
2.371250e+00 7.077814e-01
2.388750e+00 7.134655e-01
2.406250e+00 7.280449e-01
2.423750e+00 7.428150e-01
2.441250e+00 7.633827e-01
2.458750e+00 7.891200e-01
2.476250e+00 8.191703e-01
2.493750e+00 8.458663e-01
2.511250e+00 8.753231e-01
2.528750e+00 9.081925e-01
2.546250e+00 9.412838e-01
2.563750e+00 9.699147e-01
2.581250e+00 1.005543e+00
2.598750e+00 1.032735e+00
2.616250e+00 1.059166e+00
2.633750e+00 1.087657e+00
2.651250e+00 1.107480e+00
2.668750e+00 1.124602e+00
2.686250e+00 1.142699e+00
2.703750e+00 1.149497e+00
2.721250e+00 1.158812e+00
2.738750e+00 1.165114e+00
2.756250e+00 1.164871e+00
2.773750e+00 1.162370e+00
2.791250e+00 1.152413e+00
2.808750e+00 1.149486e+00
2.826250e+00 1.136629e+00
2.843750e+00 1.126421e+00
2.861250e+00 1.112769e+00
2.878750e+00 1.100190e+00
2.896250e+00 1.081711e+00
2.913750e+00 1.068249e+00
2.931250e+00 1.050024e+00
2.948750e+00 1.035756e+00
2.966250e+00 1.023562e+00
2.983750e+00 1.009948e+00
3.001250e+00 9.996233e-01
3.018750e+00 9.936718e-01
3.036250e+00 9.851717e-01
3.053750e+00 9.757000e-01
3.071250e+00 9.737878e-01
3.088750e+00 9.651942e-01
3.106250e+00 9.626813e-01
3.123750e+00 9.557813e-01
3.141250e+00 9.515318e-01
3.158750e+00 9.444875e-01
3.176250e+00 9.369167e-01
3.193750e+00 9.300209e-01
3.211250e+00 9.225072e-01
3.228750e+00 9.183455e-01
3.246250e+00 9.115551e-01
3.263750e+00 9.090068e-01
3.281250e+00 9.071835e-01
3.298750e+00 9.072309e-01
3.316250e+00 9.084903e-01
3.333750e+00 9.121115e-01
3.351250e+00 9.158751e-01
3.368750e+00 9.267598e-01
3.386250e+00 9.364316e-01
3.403750e+00 9.459424e-01
3.421250e+00 9.600354e-01
3.438750e+00 9.728513e-01
3.456250e+00 9.860482e-01
3.473750e+00 9.975498e-01
3.491250e+00 1.009911e+00
