# r          g(r)
2.625000e-02 0.000000e+00
4.375000e-02 0.000000e+00
6.125000e-02 0.000000e+00
7.875000e-02 0.000000e+00
9.625000e-02 0.000000e+00
1.137500e-01 0.000000e+00
1.312500e-01 0.000000e+00
1.487500e-01 0.000000e+00
1.662500e-01 0.000000e+00
1.837500e-01 0.000000e+00
2.012500e-01 0.000000e+00
2.187500e-01 0.000000e+00
2.362500e-01 0.000000e+00
2.537500e-01 0.000000e+00
2.712500e-01 0.000000e+00
2.887500e-01 0.000000e+00
3.062500e-01 0.000000e+00
3.237500e-01 0.000000e+00
3.412500e-01 0.000000e+00
3.587500e-01 0.000000e+00
3.762500e-01 0.000000e+00
3.937500e-01 0.000000e+00
4.112500e-01 0.000000e+00
4.287500e-01 0.000000e+00
4.462500e-01 0.000000e+00
4.637500e-01 0.000000e+00
4.812500e-01 0.000000e+00
4.987500e-01 0.000000e+00
5.162500e-01 0.000000e+00
5.337500e-01 0.000000e+00
5.512500e-01 0.000000e+00
5.687500e-01 0.000000e+00
5.862500e-01 0.000000e+00
6.037500e-01 0.000000e+00
6.212500e-01 0.000000e+00
6.387500e-01 0.000000e+00
6.562500e-01 0.000000e+00
6.737500e-01 0.000000e+00
6.912500e-01 0.000000e+00
7.087500e-01 0.000000e+00
7.262501e-01 0.000000e+00
7.437500e-01 0.000000e+00
7.612500e-01 0.000000e+00
7.787500e-01 0.000000e+00
7.962500e-01 0.000000e+00
8.137500e-01 0.000000e+00
8.312500e-01 0.000000e+00
8.487500e-01 0.000000e+00
8.662500e-01 0.000000e+00
8.837500e-01 0.000000e+00
9.012500e-01 0.000000e+00
9.187500e-01 0.000000e+00
9.362500e-01 1.801207e-03
9.537500e-01 2.495093e-02
9.712500e-01 1.669541e-01
9.887500e-01 6.233951e-01
1.006250e+00 1.487275e+00
1.023750e+00 2.624895e+00
1.041250e+00 3.704863e+00
1.058750e+00 4.358650e+00
1.076250e+00 4.499712e+00
1.093750e+00 4.237405e+00
1.111250e+00 3.735999e+00
1.128750e+00 3.157830e+00
1.146250e+00 2.596813e+00
1.163750e+00 2.116055e+00
1.181250e+00 1.694143e+00
1.198750e+00 1.379106e+00
1.216250e+00 1.112531e+00
1.233750e+00 9.250463e-01
1.251250e+00 7.582427e-01
1.268750e+00 6.447423e-01
1.286250e+00 5.497791e-01
1.303750e+00 4.965296e-01
1.321250e+00 4.333043e-01
1.338750e+00 3.987451e-01
1.356250e+00 3.640552e-01
1.373750e+00 3.466811e-01
1.391250e+00 3.346181e-01
1.408750e+00 3.183996e-01
1.426250e+00 3.202061e-01
1.443750e+00 3.354687e-01
1.461250e+00 3.434094e-01
1.478750e+00 3.611754e-01
1.496250e+00 3.915633e-01
1.513750e+00 4.178175e-01
1.531250e+00 4.696577e-01
1.548750e+00 4.951971e-01
1.566250e+00 5.465699e-01
1.583750e+00 6.048557e-01
1.601250e+00 6.558710e-01
1.618750e+00 7.319365e-01
1.636250e+00 8.068485e-01
1.653750e+00 8.794956e-01
1.671250e+00 9.582339e-01
1.688750e+00 1.013646e+00
1.706250e+00 1.069402e+00
1.723750e+00 1.098260e+00
1.741250e+00 1.132944e+00
1.758750e+00 1.162428e+00
1.776250e+00 1.176964e+00
1.793750e+00 1.204548e+00
1.811250e+00 1.230716e+00
1.828750e+00 1.250576e+00
1.846250e+00 1.272487e+00
1.863750e+00 1.270689e+00
1.881250e+00 1.277802e+00
1.898750e+00 1.272233e+00
1.916250e+00 1.246814e+00
1.933750e+00 1.228091e+00
1.951250e+00 1.206347e+00
1.968750e+00 1.178543e+00
1.986250e+00 1.157974e+00
2.003750e+00 1.177652e+00
2.021250e+00 1.177198e+00
2.038750e+00 1.197048e+00
2.056250e+00 1.239692e+00
2.073750e+00 1.266887e+00
2.091250e+00 1.289099e+00
2.108750e+00 1.302243e+00
2.126250e+00 1.282763e+00
2.143750e+00 1.243051e+00
2.161250e+00 1.199455e+00
2.178750e+00 1.132450e+00
2.196250e+00 1.061623e+00
2.213750e+00 9.901006e-01
2.231250e+00 9.243380e-01
2.248750e+00 8.558123e-01
2.266250e+00 7.968684e-01
2.283750e+00 7.553369e-01
2.301250e+00 7.189329e-01
2.318750e+00 6.906905e-01
2.336250e+00 6.698530e-01
2.353750e+00 6.610981e-01
2.371250e+00 6.592631e-01
2.388750e+00 6.684050e-01
2.406250e+00 6.783985e-01
2.423750e+00 7.011035e-01
2.441250e+00 7.326231e-01
2.458750e+00 7.539477e-01
2.476250e+00 7.959515e-01
2.493750e+00 8.310856e-01
2.511250e+00 8.634571e-01
2.528750e+00 9.066648e-01
2.546250e+00 9.454247e-01
2.563750e+00 9.774404e-01
2.581250e+00 1.014719e+00
2.598750e+00 1.041125e+00
2.616250e+00 1.073582e+00
2.633750e+00 1.099793e+00
2.651250e+00 1.118797e+00
2.668750e+00 1.138678e+00
2.686250e+00 1.160926e+00
2.703750e+00 1.166939e+00
2.721250e+00 1.176158e+00
2.738750e+00 1.181468e+00
2.756250e+00 1.183727e+00
2.773750e+00 1.178627e+00
2.791250e+00 1.176481e+00
2.808750e+00 1.161107e+00
2.826250e+00 1.157143e+00
2.843750e+00 1.147024e+00
2.861250e+00 1.124734e+00
2.878750e+00 1.108247e+00
2.896250e+00 1.091218e+00
2.913750e+00 1.072974e+00
2.931250e+00 1.057028e+00
2.948750e+00 1.037031e+00
2.966250e+00 1.024656e+00
2.983750e+00 1.005440e+00
3.001250e+00 9.912081e-01
3.018750e+00 9.775896e-01
3.036250e+00 9.739653e-01
3.053750e+00 9.624770e-01
3.071250e+00 9.592270e-01
3.088750e+00 9.552602e-01
3.106250e+00 9.544691e-01
3.123750e+00 9.529905e-01
3.141250e+00 9.526112e-01
3.158750e+00 9.477519e-01
3.176250e+00 9.403874e-01
3.193750e+00 9.340771e-01
3.211250e+00 9.277692e-01
3.228750e+00 9.129151e-01
3.246250e+00 9.116294e-01
3.263750e+00 9.079376e-01
3.281250e+00 8.952257e-01
3.298750e+00 8.975977e-01
3.316250e+00 8.961424e-01
3.333750e+00 8.963372e-01
3.351250e+00 9.001985e-01
3.368750e+00 9.094931e-01
3.386250e+00 9.255470e-01
3.403750e+00 9.292333e-01
3.421250e+00 9.495920e-01
3.438750e+00 9.639872e-01
3.456250e+00 9.811537e-01
3.473750e+00 1.001398e+00
3.491250e+00 1.010735e+00
