# r          g(r)
2.625000e-02 0.000000e+00
4.375000e-02 0.000000e+00
6.125000e-02 0.000000e+00
7.875000e-02 0.000000e+00
9.625000e-02 0.000000e+00
1.137500e-01 0.000000e+00
1.312500e-01 0.000000e+00
1.487500e-01 0.000000e+00
1.662500e-01 0.000000e+00
1.837500e-01 0.000000e+00
2.012500e-01 0.000000e+00
2.187500e-01 0.000000e+00
2.362500e-01 0.000000e+00
2.537500e-01 0.000000e+00
2.712500e-01 0.000000e+00
2.887500e-01 0.000000e+00
3.062500e-01 0.000000e+00
3.237500e-01 0.000000e+00
3.412500e-01 0.000000e+00
3.587500e-01 0.000000e+00
3.762500e-01 0.000000e+00
3.937500e-01 0.000000e+00
4.112500e-01 0.000000e+00
4.287500e-01 0.000000e+00
4.462500e-01 0.000000e+00
4.637500e-01 0.000000e+00
4.812500e-01 0.000000e+00
4.987500e-01 0.000000e+00
5.162500e-01 0.000000e+00
5.337500e-01 0.000000e+00
5.512500e-01 0.000000e+00
5.687500e-01 0.000000e+00
5.862500e-01 0.000000e+00
6.037500e-01 0.000000e+00
6.212500e-01 0.000000e+00
6.387500e-01 0.000000e+00
6.562500e-01 0.000000e+00
6.737500e-01 0.000000e+00
6.912500e-01 0.000000e+00
7.087500e-01 0.000000e+00
7.262501e-01 0.000000e+00
7.437500e-01 0.000000e+00
7.612500e-01 4.597581e-04
7.787500e-01 1.835411e-02
7.962500e-01 1.869558e-01
8.137500e-01 8.620155e-01
8.312500e-01 2.273334e+00
8.487500e-01 3.941652e+00
8.662500e-01 5.227119e+00
8.837500e-01 5.580420e+00
9.012500e-01 5.241190e+00
9.187500e-01 4.534348e+00
9.362500e-01 3.701649e+00
9.537500e-01 2.904646e+00
9.712500e-01 2.262856e+00
9.887500e-01 1.768379e+00
1.006250e+00 1.389216e+00
1.023750e+00 1.097029e+00
1.041250e+00 8.909621e-01
1.058750e+00 7.296461e-01
1.076250e+00 6.156372e-01
1.093750e+00 5.298516e-01
1.111250e+00 4.720822e-01
1.128750e+00 4.261421e-01
1.146250e+00 3.908138e-01
1.163750e+00 3.675821e-01
1.181250e+00 3.472467e-01
1.198750e+00 3.364009e-01
1.216250e+00 3.267683e-01
1.233750e+00 3.260461e-01
1.251250e+00 3.253636e-01
1.268750e+00 3.263640e-01
1.286250e+00 3.270283e-01
1.303750e+00 3.295232e-01
1.321250e+00 3.413712e-01
1.338750e+00 3.554183e-01
1.356250e+00 3.668073e-01
1.373750e+00 3.910908e-01
1.391250e+00 4.267885e-01
1.408750e+00 4.675502e-01
1.426250e+00 5.130349e-01
1.443750e+00 5.694873e-01
1.461250e+00 6.383100e-01
1.478750e+00 7.076675e-01
1.496250e+00 7.962413e-01
1.513750e+00 8.752980e-01
1.531250e+00 9.622372e-01
1.548750e+00 1.046904e+00
1.566250e+00 1.121545e+00
1.583750e+00 1.183836e+00
1.601250e+00 1.238529e+00
1.618750e+00 1.275209e+00
1.636250e+00 1.302641e+00
1.653750e+00 1.320485e+00
1.671250e+00 1.315747e+00
1.688750e+00 1.305753e+00
1.706250e+00 1.277289e+00
1.723750e+00 1.256142e+00
1.741250e+00 1.227274e+00
1.758750e+00 1.211933e+00
1.776250e+00 1.206903e+00
1.793750e+00 1.220120e+00
1.811250e+00 1.238384e+00
1.828750e+00 1.276802e+00
1.846250e+00 1.324708e+00
1.863750e+00 1.360713e+00
1.881250e+00 1.393101e+00
1.898750e+00 1.414979e+00
1.916250e+00 1.414598e+00
1.933750e+00 1.393197e+00
1.951250e+00 1.341053e+00
1.968750e+00 1.274522e+00
1.986250e+00 1.195115e+00
2.003750e+00 1.121743e+00
2.021250e+00 1.028399e+00
2.038750e+00 9.538823e-01
2.056250e+00 8.824608e-01
2.073750e+00 8.283626e-01
2.091250e+00 7.704493e-01
2.108750e+00 7.339895e-01
2.126250e+00 6.994226e-01
2.143750e+00 6.829536e-01
2.161250e+00 6.683949e-01
2.178750e+00 6.625108e-01
2.196250e+00 6.638829e-01
2.213750e+00 6.670660e-01
2.231250e+00 6.732801e-01
2.248750e+00 6.930593e-01
2.266250e+00 7.122821e-01
2.283750e+00 7.390013e-01
2.301250e+00 7.661290e-01
2.318750e+00 7.920365e-01
2.336250e+00 8.261362e-01
2.353750e+00 8.558728e-01
2.371250e+00 8.934222e-01
2.388750e+00 9.258286e-01
2.406250e+00 9.636756e-01
2.423750e+00 1.001979e+00
2.441250e+00 1.039111e+00
2.458750e+00 1.066263e+00
2.476250e+00 1.097673e+00
2.493750e+00 1.124829e+00
2.511250e+00 1.150711e+00
2.528750e+00 1.161150e+00
2.546250e+00 1.179968e+00
2.563750e+00 1.186926e+00
2.581250e+00 1.191350e+00
2.598750e+00 1.189036e+00
2.616250e+00 1.183619e+00
2.633750e+00 1.178671e+00
2.651250e+00 1.165499e+00
2.668750e+00 1.153609e+00
2.686250e+00 1.140377e+00
2.703750e+00 1.121649e+00
2.721250e+00 1.104533e+00
2.738750e+00 1.089012e+00
2.756250e+00 1.073269e+00
2.773750e+00 1.055108e+00
2.791250e+00 1.040373e+00
2.808750e+00 1.029026e+00
2.826250e+00 1.018628e+00
2.843750e+00 1.010078e+00
2.861250e+00 1.002776e+00
2.878750e+00 9.981437e-01
2.896250e+00 9.967107e-01
2.913750e+00 9.864595e-01
2.931250e+00 9.790270e-01
2.948750e+00 9.754653e-01
2.966250e+00 9.663420e-01
2.983750e+00 9.507520e-01
3.001250e+00 9.388304e-01
3.018750e+00 9.230480e-01
3.036250e+00 9.135951e-01
3.053750e+00 8.997502e-01
3.071250e+00 8.891190e-01
3.088750e+00 8.827218e-01
3.106250e+00 8.788002e-01
3.123750e+00 8.766476e-01
3.141250e+00 8.750933e-01
3.158750e+00 8.803039e-01
3.176250e+00 8.884323e-01
3.193750e+00 8.954400e-01
3.211250e+00 9.105910e-01
3.228750e+00 9.253656e-01
3.246250e+00 9.403681e-01
3.263750e+00 9.548099e-01
3.281250e+00 9.715776e-01
3.298750e+00 9.911917e-01
3.316250e+00 1.003591e+00
3.333750e+00 1.018557e+00
3.351250e+00 1.031790e+00
3.368750e+00 1.046237e+00
3.386250e+00 1.057578e+00
3.403750e+00 1.065891e+00
3.421250e+00 1.075857e+00
3.438750e+00 1.081637e+00
3.456250e+00 1.084748e+00
3.473750e+00 1.090317e+00
3.491250e+00 1.087380e+00
