# r          g(r)
2.625000e-02 0.000000e+00
4.375000e-02 0.000000e+00
6.125000e-02 0.000000e+00
7.875000e-02 0.000000e+00
9.625000e-02 0.000000e+00
1.137500e-01 0.000000e+00
1.312500e-01 0.000000e+00
1.487500e-01 0.000000e+00
1.662500e-01 0.000000e+00
1.837500e-01 0.000000e+00
2.012500e-01 0.000000e+00
2.187500e-01 0.000000e+00
2.362500e-01 0.000000e+00
2.537500e-01 0.000000e+00
2.712500e-01 0.000000e+00
2.887500e-01 0.000000e+00
3.062500e-01 0.000000e+00
3.237500e-01 0.000000e+00
3.412500e-01 0.000000e+00
3.587500e-01 0.000000e+00
3.762500e-01 0.000000e+00
3.937500e-01 0.000000e+00
4.112500e-01 0.000000e+00
4.287500e-01 0.000000e+00
4.462500e-01 0.000000e+00
4.637500e-01 0.000000e+00
4.812500e-01 0.000000e+00
4.987500e-01 0.000000e+00
5.162500e-01 0.000000e+00
5.337500e-01 0.000000e+00
5.512500e-01 0.000000e+00
5.687500e-01 0.000000e+00
5.862500e-01 0.000000e+00
6.037500e-01 0.000000e+00
6.212500e-01 0.000000e+00
6.387500e-01 0.000000e+00
6.562500e-01 0.000000e+00
6.737500e-01 0.000000e+00
6.912500e-01 0.000000e+00
7.087500e-01 0.000000e+00
7.262501e-01 0.000000e+00
7.437500e-01 0.000000e+00
7.612500e-01 0.000000e+00
7.787500e-01 0.000000e+00
7.962500e-01 0.000000e+00
8.137500e-01 0.000000e+00
8.312500e-01 1.288717e-02
8.487500e-01 8.572053e-01
8.662500e-01 6.102934e+00
8.837500e-01 1.115720e+01
9.012500e-01 9.936484e+00
9.187500e-01 6.220939e+00
9.362500e-01 3.473015e+00
9.537500e-01 1.915606e+00
9.712500e-01 1.114751e+00
9.887500e-01 6.967652e-01
1.006250e+00 4.866977e-01
1.023750e+00 3.825224e-01
1.041250e+00 3.196650e-01
1.058750e+00 2.931261e-01
1.076250e+00 2.657606e-01
1.093750e+00 2.663537e-01
1.111250e+00 2.702654e-01
1.128750e+00 2.802407e-01
1.146250e+00 2.845134e-01
1.163750e+00 2.986473e-01
1.181250e+00 3.127109e-01
1.198750e+00 3.212836e-01
1.216250e+00 3.355099e-01
1.233750e+00 3.398161e-01
1.251250e+00 3.456830e-01
1.268750e+00 3.634620e-01
1.286250e+00 3.614847e-01
1.303750e+00 3.655269e-01
1.321250e+00 3.768548e-01
1.338750e+00 3.890060e-01
1.356250e+00 4.067118e-01
1.373750e+00 4.312023e-01
1.391250e+00 4.564728e-01
1.408750e+00 4.841769e-01
1.426250e+00 5.262726e-01
1.443750e+00 5.763131e-01
1.461250e+00 6.382129e-01
1.478750e+00 7.141578e-01
1.496250e+00 7.960774e-01
1.513750e+00 8.916334e-01
1.531250e+00 9.903603e-01
1.548750e+00 1.085088e+00
1.566250e+00 1.168407e+00
1.583750e+00 1.263167e+00
1.601250e+00 1.346721e+00
1.618750e+00 1.424431e+00
1.636250e+00 1.473049e+00
1.653750e+00 1.481807e+00
1.671250e+00 1.454967e+00
1.688750e+00 1.391735e+00
1.706250e+00 1.309748e+00
1.723750e+00 1.216147e+00
1.741250e+00 1.149715e+00
1.758750e+00 1.109249e+00
1.776250e+00 1.097968e+00
1.793750e+00 1.120279e+00
1.811250e+00 1.161355e+00
1.828750e+00 1.222733e+00
1.846250e+00 1.297197e+00
1.863750e+00 1.392158e+00
1.881250e+00 1.485960e+00
1.898750e+00 1.567356e+00
1.916250e+00 1.603196e+00
1.933750e+00 1.559913e+00
1.951250e+00 1.458552e+00
1.968750e+00 1.303360e+00
1.986250e+00 1.150576e+00
2.003750e+00 1.005583e+00
2.021250e+00 8.807885e-01
2.038750e+00 7.806783e-01
2.056250e+00 7.118332e-01
2.073750e+00 6.725591e-01
2.091250e+00 6.414224e-01
2.108750e+00 6.270506e-01
2.126250e+00 6.173365e-01
2.143750e+00 6.238198e-01
2.161250e+00 6.266510e-01
2.178750e+00 6.436339e-01
2.196250e+00 6.595780e-01
2.213750e+00 6.756271e-01
2.231250e+00 7.026441e-01
2.248750e+00 7.263587e-01
2.266250e+00 7.574618e-01
2.283750e+00 7.757257e-01
2.301250e+00 8.048550e-01
2.318750e+00 8.324318e-01
2.336250e+00 8.681452e-01
2.353750e+00 9.044950e-01
2.371250e+00 9.307722e-01
2.388750e+00 9.632254e-01
2.406250e+00 1.001093e+00
2.423750e+00 1.037778e+00
2.441250e+00 1.065493e+00
2.458750e+00 1.098746e+00
2.476250e+00 1.127175e+00
2.493750e+00 1.146371e+00
2.511250e+00 1.163791e+00
2.528750e+00 1.186248e+00
2.546250e+00 1.183264e+00
2.563750e+00 1.196708e+00
2.581250e+00 1.191906e+00
2.598750e+00 1.188162e+00
2.616250e+00 1.176672e+00
2.633750e+00 1.168489e+00
2.651250e+00 1.150769e+00
2.668750e+00 1.134870e+00
2.686250e+00 1.117916e+00
2.703750e+00 1.100160e+00
2.721250e+00 1.081722e+00
2.738750e+00 1.062008e+00
2.756250e+00 1.046109e+00
2.773750e+00 1.031881e+00
2.791250e+00 1.020684e+00
2.808750e+00 1.007049e+00
2.826250e+00 1.007915e+00
2.843750e+00 1.005058e+00
2.861250e+00 1.001858e+00
2.878750e+00 1.008570e+00
2.896250e+00 1.012366e+00
2.913750e+00 1.010452e+00
2.931250e+00 9.998384e-01
2.948750e+00 9.947600e-01
2.966250e+00 9.796877e-01
2.983750e+00 9.589336e-01
3.001250e+00 9.347109e-01
3.018750e+00 9.210454e-01
3.036250e+00 9.008025e-01
3.053750e+00 8.871945e-01
3.071250e+00 8.698275e-01
3.088750e+00 8.672436e-01
3.106250e+00 8.634921e-01
3.123750e+00 8.662775e-01
3.141250e+00 8.722239e-01
3.158750e+00 8.832614e-01
3.176250e+00 8.961658e-01
3.193750e+00 9.087879e-01
3.211250e+00 9.236803e-01
3.228750e+00 9.430611e-01
3.246250e+00 9.552571e-01
3.263750e+00 9.707240e-01
3.281250e+00 9.913279e-01
3.298750e+00 1.005600e+00
3.316250e+00 1.016739e+00
3.333750e+00 1.027002e+00
3.351250e+00 1.042482e+00
3.368750e+00 1.046858e+00
3.386250e+00 1.060207e+00
3.403750e+00 1.066221e+00
3.421250e+00 1.072686e+00
3.438750e+00 1.073593e+00
3.456250e+00 1.081989e+00
3.473750e+00 1.078910e+00
3.491250e+00 1.083169e+00
