# r          g(r)
2.625000e-02 0.000000e+00
4.375000e-02 0.000000e+00
6.125000e-02 0.000000e+00
7.875000e-02 0.000000e+00
9.625000e-02 0.000000e+00
1.137500e-01 0.000000e+00
1.312500e-01 0.000000e+00
1.487500e-01 0.000000e+00
1.662500e-01 0.000000e+00
1.837500e-01 0.000000e+00
2.012500e-01 0.000000e+00
2.187500e-01 0.000000e+00
2.362500e-01 0.000000e+00
2.537500e-01 0.000000e+00
2.712500e-01 0.000000e+00
2.887500e-01 0.000000e+00
3.062500e-01 0.000000e+00
3.237500e-01 0.000000e+00
3.412500e-01 0.000000e+00
3.587500e-01 0.000000e+00
3.762500e-01 0.000000e+00
3.937500e-01 0.000000e+00
4.112500e-01 0.000000e+00
4.287500e-01 0.000000e+00
4.462500e-01 0.000000e+00
4.637500e-01 0.000000e+00
4.812500e-01 0.000000e+00
4.987500e-01 0.000000e+00
5.162500e-01 0.000000e+00
5.337500e-01 0.000000e+00
5.512500e-01 0.000000e+00
5.687500e-01 0.000000e+00
5.862500e-01 0.000000e+00
6.037500e-01 0.000000e+00
6.212500e-01 0.000000e+00
6.387500e-01 0.000000e+00
6.562500e-01 0.000000e+00
6.737500e-01 0.000000e+00
6.912500e-01 0.000000e+00
7.087500e-01 0.000000e+00
7.262501e-01 0.000000e+00
7.437500e-01 0.000000e+00
7.612500e-01 0.000000e+00
7.787500e-01 7.810261e-04
7.962500e-01 6.723686e-03
8.137500e-01 2.610813e-02
8.312500e-01 7.403266e-02
8.487500e-01 1.430100e-01
8.662500e-01 2.471220e-01
8.837500e-01 3.074795e-01
9.012500e-01 4.017863e-01
9.187500e-01 4.738849e-01
9.362500e-01 5.203686e-01
9.537500e-01 5.459697e-01
9.712500e-01 5.603634e-01
9.887500e-01 5.683232e-01
1.006250e+00 5.597211e-01
1.023750e+00 5.961094e-01
1.041250e+00 5.672886e-01
1.058750e+00 5.736178e-01
1.076250e+00 5.816964e-01
1.093750e+00 5.945147e-01
1.111250e+00 6.231139e-01
1.128750e+00 6.124921e-01
1.146250e+00 6.671211e-01
1.163750e+00 6.727347e-01
1.181250e+00 7.327252e-01
1.198750e+00 7.680218e-01
1.216250e+00 8.318903e-01
1.233750e+00 8.753688e-01
1.251250e+00 9.539108e-01
1.268750e+00 9.828070e-01
1.286250e+00 1.063397e+00
1.303750e+00 1.082132e+00
1.321250e+00 1.152353e+00
1.338750e+00 1.209912e+00
1.356250e+00 1.236436e+00
1.373750e+00 1.259221e+00
1.391250e+00 1.303614e+00
1.408750e+00 1.322620e+00
1.426250e+00 1.340655e+00
1.443750e+00 1.325740e+00
1.461250e+00 1.333326e+00
1.478750e+00 1.300015e+00
1.496250e+00 1.276335e+00
1.513750e+00 1.261876e+00
1.531250e+00 1.251687e+00
1.548750e+00 1.252389e+00
1.566250e+00 1.240873e+00
1.583750e+00 1.242413e+00
1.601250e+00 1.276632e+00
1.618750e+00 1.271775e+00
1.636250e+00 1.317181e+00
1.653750e+00 1.320008e+00
1.671250e+00 1.351010e+00
1.688750e+00 1.360958e+00
1.706250e+00 1.354898e+00
1.723750e+00 1.333668e+00
1.741250e+00 1.280039e+00
1.758750e+00 1.238616e+00
1.776250e+00 1.196544e+00
1.793750e+00 1.115229e+00
1.811250e+00 1.060936e+00
1.828750e+00 1.006386e+00
1.846250e+00 9.407034e-01
1.863750e+00 8.916188e-01
1.881250e+00 8.533649e-01
1.898750e+00 8.093901e-01
1.916250e+00 7.671369e-01
1.933750e+00 7.476111e-01
1.951250e+00 7.380530e-01
1.968750e+00 7.000073e-01
1.986250e+00 7.111933e-01
2.003750e+00 6.878530e-01
2.021250e+00 6.904929e-01
2.038750e+00 6.913912e-01
2.056250e+00 7.014596e-01
2.073750e+00 7.211774e-01
2.091250e+00 7.315796e-01
2.108750e+00 7.527100e-01
2.126250e+00 7.822396e-01
2.143750e+00 8.054134e-01
2.161250e+00 8.266903e-01
2.178750e+00 8.621434e-01
2.196250e+00 8.931888e-01
2.213750e+00 9.218808e-01
2.231250e+00 9.505438e-01
2.248750e+00 9.655902e-01
2.266250e+00 1.016390e+00
2.283750e+00 1.050045e+00
2.301250e+00 1.064051e+00
2.318750e+00 1.089115e+00
2.336250e+00 1.095780e+00
2.353750e+00 1.117089e+00
2.371250e+00 1.138741e+00
2.388750e+00 1.151517e+00
2.406250e+00 1.154443e+00
2.423750e+00 1.162448e+00
2.441250e+00 1.155360e+00
2.458750e+00 1.157965e+00
2.476250e+00 1.149971e+00
2.493750e+00 1.145899e+00
2.511250e+00 1.126169e+00
2.528750e+00 1.119714e+00
2.546250e+00 1.109658e+00
2.563750e+00 1.098713e+00
2.581250e+00 1.093038e+00
2.598750e+00 1.077585e+00
2.616250e+00 1.068142e+00
2.633750e+00 1.067036e+00
2.651250e+00 1.049514e+00
2.668750e+00 1.043457e+00
2.686250e+00 1.035914e+00
2.703750e+00 1.031536e+00
2.721250e+00 1.018780e+00
2.738750e+00 9.928619e-01
2.756250e+00 9.825647e-01
2.773750e+00 9.825162e-01
2.791250e+00 9.645745e-01
2.808750e+00 9.476622e-01
2.826250e+00 9.357695e-01
2.843750e+00 9.237238e-01
2.861250e+00 9.122815e-01
2.878750e+00 9.104542e-01
2.896250e+00 8.900089e-01
2.913750e+00 8.957758e-01
2.931250e+00 8.913633e-01
2.948750e+00 8.972751e-01
2.966250e+00 8.866928e-01
2.983750e+00 8.933905e-01
3.001250e+00 9.054410e-01
3.018750e+00 9.181554e-01
3.036250e+00 9.194332e-01
3.053750e+00 9.253155e-01
3.071250e+00 9.433250e-01
3.088750e+00 9.577538e-01
3.106250e+00 9.733450e-01
3.123750e+00 9.823443e-01
3.141250e+00 9.852309e-01
3.158750e+00 1.006619e+00
3.176250e+00 1.008761e+00
3.193750e+00 1.019751e+00
3.211250e+00 1.018653e+00
3.228750e+00 1.035381e+00
3.246250e+00 1.045198e+00
3.263750e+00 1.052302e+00
3.281250e+00 1.060981e+00
3.298750e+00 1.056289e+00
3.316250e+00 1.070324e+00
3.333750e+00 1.060983e+00
3.351250e+00 1.074232e+00
3.368750e+00 1.067339e+00
3.386250e+00 1.060728e+00
3.403750e+00 1.052958e+00
3.421250e+00 1.062156e+00
3.438750e+00 1.041367e+00
3.456250e+00 1.035911e+00
3.473750e+00 1.030522e+00
3.491250e+00 1.034660e+00
