# time       NGP of type-A particles
5.000000e-03 -1.727173e-03
1.000000e-02 -1.689170e-03
1.500000e-02 -1.608701e-03
2.000000e-02 -1.477148e-03
2.500000e-02 -1.289325e-03
3.000000e-02 -1.044687e-03
3.500000e-02 -7.460913e-04
4.000000e-02 -3.968139e-04
4.500000e-02 2.880468e-06
5.000000e-02 4.582680e-04
5.500000e-02 9.809191e-04
6.000000e-02 1.587849e-03
8.000000e-02 5.287414e-03
1.050000e-01 1.408635e-02
1.300000e-01 2.777280e-02
1.700000e-01 5.315250e-02
2.200000e-01 7.343479e-02
2.800000e-01 7.849322e-02
3.600000e-01 9.018521e-02
4.650000e-01 1.048433e-01
6.000000e-01 1.133321e-01
7.750000e-01 1.256456e-01
1.005000e+00 1.369550e-01
1.295000e+00 1.585366e-01
1.670000e+00 1.822724e-01
2.155000e+00 2.030099e-01
2.785000e+00 2.256779e-01
3.595000e+00 2.414475e-01
4.645000e+00 2.804912e-01
5.995000e+00 3.143367e-01
7.745000e+00 3.524684e-01
1.000500e+01 3.943943e-01
1.292000e+01 4.326351e-01
1.668500e+01 5.030547e-01
2.154500e+01 5.599713e-01
2.783000e+01 6.166122e-01
3.594000e+01 7.196936e-01
4.642000e+01 7.796955e-01
5.995000e+01 8.876968e-01
7.743000e+01 1.014065e+00
1.000050e+02 1.169320e+00
1.291550e+02 1.304657e+00
1.668150e+02 1.460409e+00
2.154450e+02 1.627866e+00
2.782600e+02 1.814696e+00
3.593850e+02 1.922273e+00
4.641600e+02 2.016978e+00
5.994850e+02 2.088749e+00
7.742650e+02 2.115601e+00
1.000005e+03 2.072687e+00
1.291550e+03 1.986955e+00
1.668105e+03 1.883255e+00
2.154435e+03 1.756225e+00
2.782560e+03 1.582568e+00
3.593815e+03 1.382965e+00
4.641590e+03 1.210163e+00
5.994845e+03 1.021721e+00
7.742640e+03 8.468318e-01
1.000000e+04 6.919764e-01
1.291550e+04 5.681454e-01
1.668101e+04 4.519030e-01
2.154435e+04 3.507519e-01
2.782560e+04 2.720945e-01
3.593814e+04 2.088135e-01
4.641589e+04 1.574753e-01
5.994843e+04 1.192200e-01
7.742637e+04 9.178523e-02
1.000000e+05 6.811390e-02
1.291550e+05 5.126436e-02
1.668101e+05 4.038372e-02
2.154435e+05 2.978357e-02
