# time       NGP of type-A particles
5.000000e-03 -3.441141e-04
1.000000e-02 -3.282323e-04
1.500000e-02 -3.075763e-04
2.000000e-02 -2.705943e-04
2.500000e-02 -2.005547e-04
3.000000e-02 -7.706323e-05
3.500000e-02 1.222009e-04
4.000000e-02 4.181936e-04
4.500000e-02 8.274314e-04
5.000000e-02 1.362241e-03
5.500000e-02 2.033867e-03
6.000000e-02 2.855159e-03
8.000000e-02 7.918449e-03
1.050000e-01 1.896325e-02
1.300000e-01 3.438340e-02
1.700000e-01 5.832484e-02
2.200000e-01 7.222008e-02
2.800000e-01 7.788247e-02
3.600000e-01 9.144754e-02
4.650000e-01 1.069117e-01
6.000000e-01 1.230112e-01
7.750000e-01 1.445962e-01
1.005000e+00 1.679109e-01
1.295000e+00 1.944072e-01
1.670000e+00 2.287147e-01
2.155000e+00 2.617392e-01
2.785000e+00 2.858422e-01
3.595000e+00 3.017076e-01
4.645000e+00 3.152008e-01
5.995000e+00 3.220487e-01
7.745000e+00 3.122634e-01
1.000500e+01 2.947038e-01
1.292000e+01 2.702291e-01
1.668500e+01 2.475947e-01
2.154500e+01 2.124592e-01
2.783000e+01 1.780518e-01
3.594000e+01 1.490069e-01
4.642000e+01 1.199448e-01
5.995000e+01 9.798925e-02
7.743000e+01 7.797321e-02
1.000050e+02 6.125524e-02
1.291550e+02 4.926774e-02
1.668150e+02 3.803628e-02
2.154450e+02 2.973460e-02
2.782600e+02 2.236420e-02
3.593850e+02 1.749456e-02
4.641600e+02 1.339626e-02
5.994850e+02 9.898018e-03
