# time       NGP of type-B particles
5.000000e-03 -1.819745e-03
1.000000e-02 -1.846345e-03
1.500000e-02 -1.849257e-03
2.000000e-02 -1.819654e-03
2.500000e-02 -1.750870e-03
3.000000e-02 -1.637149e-03
3.500000e-02 -1.472016e-03
4.000000e-02 -1.247908e-03
4.500000e-02 -9.564013e-04
5.000000e-02 -5.886920e-04
5.500000e-02 -1.369629e-04
6.000000e-02 4.033342e-04
8.000000e-02 3.398543e-03
1.050000e-01 8.741209e-03
1.300000e-01 1.645050e-02
1.700000e-01 3.503329e-02
2.200000e-01 6.141355e-02
2.800000e-01 9.442923e-02
3.600000e-01 1.500836e-01
4.650000e-01 2.191070e-01
6.000000e-01 2.784669e-01
7.750000e-01 3.442503e-01
1.005000e+00 4.157606e-01
1.295000e+00 4.970235e-01
1.670000e+00 5.788643e-01
2.155000e+00 6.797652e-01
2.785000e+00 7.632360e-01
3.595000e+00 8.660971e-01
4.645000e+00 9.726566e-01
5.995000e+00 1.070899e+00
7.745000e+00 1.242638e+00
1.000500e+01 1.393555e+00
1.292000e+01 1.552692e+00
1.668500e+01 1.735060e+00
2.154500e+01 1.866192e+00
2.783000e+01 2.047597e+00
3.594000e+01 2.243361e+00
4.642000e+01 2.453064e+00
5.995000e+01 2.706807e+00
7.743000e+01 3.003128e+00
1.000050e+02 3.282202e+00
1.291550e+02 3.592956e+00
1.668150e+02 3.819786e+00
2.154450e+02 4.196671e+00
2.782600e+02 4.376544e+00
3.593850e+02 4.624571e+00
4.641600e+02 4.868028e+00
5.994850e+02 4.960702e+00
7.742650e+02 5.172030e+00
1.000005e+03 5.345053e+00
1.291550e+03 5.349965e+00
1.668105e+03 5.256337e+00
2.154435e+03 5.168629e+00
2.782560e+03 4.828594e+00
3.593815e+03 4.641507e+00
4.641590e+03 4.177669e+00
5.994845e+03 3.720121e+00
7.742640e+03 3.277868e+00
1.000000e+04 2.975810e+00
1.291550e+04 2.579531e+00
1.668101e+04 2.197992e+00
2.154435e+04 1.829209e+00
2.782560e+04 1.556505e+00
3.593814e+04 1.270511e+00
4.641589e+04 1.036596e+00
5.994843e+04 8.325590e-01
7.742637e+04 6.626908e-01
1.000000e+05 5.272135e-01
1.291550e+05 4.175153e-01
1.668101e+05 3.301788e-01
2.154435e+05 2.561067e-01
2.782559e+05 1.930031e-01
3.593814e+05 1.475974e-01
4.641589e+05 1.131880e-01
5.994843e+05 8.476203e-02
7.742637e+05 6.294221e-02
1.000000e+06 4.938635e-02
1.291550e+06 3.708631e-02
