# time       NGP of type-B particles
5.000000e-03 -5.935399e-04
1.000000e-02 -4.767162e-04
1.500000e-02 -3.529656e-04
2.000000e-02 -2.227565e-04
2.500000e-02 -8.974290e-05
3.000000e-02 4.326578e-05
3.500000e-02 1.786383e-04
4.000000e-02 3.254280e-04
4.500000e-02 4.986525e-04
5.000000e-02 7.185737e-04
5.500000e-02 1.009539e-03
6.000000e-02 1.397035e-03
8.000000e-02 4.296710e-03
1.050000e-01 1.122770e-02
1.300000e-01 2.082475e-02
1.700000e-01 4.007791e-02
2.200000e-01 6.917401e-02
2.800000e-01 1.046670e-01
3.600000e-01 1.594768e-01
4.650000e-01 2.260088e-01
6.000000e-01 2.862394e-01
7.750000e-01 3.418135e-01
1.005000e+00 4.136632e-01
1.295000e+00 4.869045e-01
1.670000e+00 5.738118e-01
2.155000e+00 6.664967e-01
2.785000e+00 7.870162e-01
3.595000e+00 8.766603e-01
4.645000e+00 9.998011e-01
5.995000e+00 1.107258e+00
7.745000e+00 1.275516e+00
1.000500e+01 1.412733e+00
1.292000e+01 1.620133e+00
1.668500e+01 1.816132e+00
2.154500e+01 2.011372e+00
2.783000e+01 2.147897e+00
3.594000e+01 2.421429e+00
4.642000e+01 2.641512e+00
5.995000e+01 2.874184e+00
7.743000e+01 3.048455e+00
1.000050e+02 3.230580e+00
1.291550e+02 3.386224e+00
1.668150e+02 3.395043e+00
2.154450e+02 3.374610e+00
2.782600e+02 3.433567e+00
3.593850e+02 3.416589e+00
4.641600e+02 3.208763e+00
5.994850e+02 3.034237e+00
7.742650e+02 2.792720e+00
1.000005e+03 2.572062e+00
1.291550e+03 2.281824e+00
1.668105e+03 1.977670e+00
2.154435e+03 1.749530e+00
2.782560e+03 1.480802e+00
3.593815e+03 1.249410e+00
4.641590e+03 1.059901e+00
5.994845e+03 8.781650e-01
7.742640e+03 7.356593e-01
1.000000e+04 5.762729e-01
1.291550e+04 4.662162e-01
1.668101e+04 3.639545e-01
2.154435e+04 2.794141e-01
2.782560e+04 2.181987e-01
3.593814e+04 1.650010e-01
4.641589e+04 1.224679e-01
5.994843e+04 9.549666e-02
7.742637e+04 6.870589e-02
1.000000e+05 5.329808e-02
1.291550e+05 4.189882e-02
1.668101e+05 3.041456e-02
2.154435e+05 2.709677e-02
